Species,Test AUC,wc2.1_30s_bio_1_fc,wc2.1_30s_bio_2_fc,wc2.1_30s_bio_3_fc,wc2.1_30s_bio_4_fc,wc2.1_30s_bio_5_fc,wc2.1_30s_bio_6_fc,wc2.1_30s_bio_7_fc,wc2.1_30s_bio_8_fc,wc2.1_30s_bio_9_fc,wc2.1_30s_bio_10_fc,wc2.1_30s_bio_11_fc,wc2.1_30s_bio_12_fc,wc2.1_30s_bio_13_fc,wc2.1_30s_bio_14_fc,wc2.1_30s_bio_15_fc,wc2.1_30s_bio_16_fc,wc2.1_30s_bio_17_fc,wc2.1_30s_bio_18_fc,wc2.1_30s_bio_19_fc,wc2.1_30s_bio_20_fc
Ligustrum_perrottetii,0.999,0.0,23.5,1.7,0.0,39.0,0.0,13.3,0.0,0.0,0.0,0.0,0.0,0.0,21.4,0.0,0.0,0.0,0.0,1.2,0.0
Zanthoxylum_rhetsa,0.65,0.0,2.4,0.0,45.9,0.0,0.0,33.4,0.0,0.0,0.0,0.0,8.0,0.0,0.0,0.0,0.0,0.0,0.0,0.0,10.3
Mitrephora_grandiflora,0.928,0.0,0.0,4.5,6.1,0.0,3.9,24.3,0.0,0.0,0.0,0.0,0.0,0.0,46.5,1.4,0.0,3.4,0.0,10.0,0.0
Elaeocarpus_variabilis,0.891,0.0,0.0,0.0,61.9,0.0,0.0,0.0,8.3,0.0,21.8,0.0,1.0,0.0,0.0,0.0,0.0,0.0,0.0,0.0,7.0
Ancistrocladus_heyneanus,0.99,0.0,3.4,0.0,0.0,0.1,0.0,6.1,0.0,0.0,0.0,0.0,0.0,0.0,0.0,51.2,0.0,0.6,32.3,6.1,0.0
Harpullia_arborea,0.894,0.0,3.9,0.0,85.2,0.0,0.0,0.0,0.0,0.0,0.0,0.0,0.0,0.0,0.0,0.0,0.0,0.0,2.4,0.0,8.5
Memecylon_subsessile,0.852,0.0,2.4,1.5,0.0,0.0,24.9,11.0,2.6,0.0,0.0,0.0,0.0,0.0,0.0,4.9,0.0,35.5,0.0,3.7,13.6
Glycosmis_macrocarpa,0.888,0.0,6.4,0.1,6.3,0.4,0.0,67.5,6.4,0.0,0.0,0.0,3.7,0.0,0.1,0.0,0.0,0.0,6.5,0.0,2.6
Ardisia_pauciflora,0.923,4.9,12.9,0.0,0.0,11.9,0.0,39.9,3.0,4.1,12.9,1.3,0.0,0.0,7.0,0.0,0.0,0.0,0.3,0.6,1.3
Gnetum_edule,0.968,0.0,0.4,1.8,6.6,0.3,0.0,0.0,0.0,0.6,0.0,6.3,1.9,0.0,0.1,34.2,2.7,0.0,28.9,5.6,10.6
Croton_zeylanicus,0.836,1.8,49.3,0.0,0.0,14.1,0.0,19.5,0.0,1.6,13.3,0.0,0.0,0.0,0.0,0.0,0.0,0.0,0.4,0.0,0.0
Neolitsea_scrobiculata,0.938,0.0,3.1,0.0,58.2,0.0,0.0,0.0,0.0,0.0,0.0,0.0,1.6,0.0,0.0,1.0,0.0,0.0,1.0,0.0,35.0
Eugenia_codyensis,0.907,0.0,6.2,0.0,0.0,0.0,0.0,10.6,21.7,0.0,0.0,0.0,0.0,0.0,14.6,0.0,0.0,3.9,0.1,42.8,0.0
Memecylon_gracile,0.946,0.0,19.2,0.0,0.0,5.4,0.0,56.7,0.0,0.7,0.0,0.0,0.9,0.0,0.0,0.3,0.1,0.0,3.9,12.8,0.0
Semecarpus_travancorica,0.949,0.0,0.0,0.0,9.6,0.0,0.0,59.1,0.0,0.0,0.0,0.0,0.0,2.9,5.2,0.0,0.0,23.0,0.0,0.0,0.1
Ardisia_rhomboidea,0.997,0.0,0.0,0.0,0.0,5.7,0.0,0.0,0.0,0.0,0.0,0.0,0.0,0.0,61.9,32.3,0.0,0.0,0.0,0.1,0.0
Glochidion_heyneanum,0.415,0.0,6.3,0.0,0.0,0.0,0.0,0.0,0.0,0.0,0.0,0.0,0.0,0.0,0.0,69.0,0.0,0.3,20.6,3.7,0.2
Cyathocalyx_zeylanicus,0.966,0.0,8.3,0.1,0.3,0.0,0.0,51.2,0.0,0.0,0.0,0.0,0.0,0.0,0.0,0.0,0.0,0.0,0.3,4.9,35.0
Cleistanthus_travancorensis,0.848,0.0,0.0,2.1,0.0,0.0,0.0,0.0,11.2,1.9,0.0,0.0,17.5,0.0,0.0,0.0,0.0,0.0,0.5,66.8,0.0
Ormosia_travancorica,0.945,0.0,4.1,0.0,0.0,8.9,0.0,77.0,0.0,0.0,0.0,0.0,0.0,0.0,1.8,0.0,0.3,0.0,0.3,2.9,4.7
Lophopetalum_wightianum,0.804,0.0,0.0,18.5,0.6,0.0,0.5,0.0,0.0,0.0,0.0,1.4,27.2,9.9,0.0,3.1,0.0,0.1,3.1,8.4,27.2
Archidendron_bigeminum,0.885,0.1,6.4,4.0,0.0,0.0,0.0,0.0,0.0,0.0,0.0,1.3,6.2,0.0,2.9,0.2,0.0,0.5,1.9,53.1,23.3
Hydnocarpus_pentandrus,0.844,0.0,16.3,3.6,0.2,0.0,7.4,2.1,0.0,0.0,1.3,0.6,12.2,6.1,3.7,0.0,0.7,1.7,4.2,0.1,39.9
Arenga_wightii,0.967,0.0,0.5,0.0,46.3,0.0,0.0,10.4,0.0,0.0,0.0,0.8,0.0,6.5,0.0,0.0,26.5,0.0,5.9,0.0,3.0
Olea_dioica,0.895,0.0,0.1,2.7,0.3,16.7,0.0,0.1,0.6,0.0,0.5,0.4,19.6,32.4,5.8,1.5,5.0,0.4,5.2,5.1,3.7
Scolopia_crenata,0.919,2.2,1.7,6.3,2.1,0.0,0.4,18.8,7.3,0.0,7.1,0.0,11.3,3.7,15.2,0.6,0.0,1.3,0.0,12.1,9.7
Hydnocarpus_alpina,0.946,0.7,6.7,0.0,0.0,1.9,0.0,43.9,0.0,0.0,0.0,0.0,0.0,0.0,37.0,0.0,0.8,1.9,0.0,1.1,6.1
Ixora_alba,0.963,0.0,7.1,0.0,0.0,0.0,0.0,33.6,0.0,0.0,0.0,0.0,0.0,0.0,0.0,0.0,0.0,0.0,0.0,13.3,46.0
Lepisanthes_tetraphylla,0.895,0.0,1.3,10.1,0.0,0.0,0.0,0.2,0.6,2.4,3.9,0.0,18.8,4.0,1.1,2.4,5.0,2.4,0.4,15.2,32.2
Aglaia_lawii,0.8,0.2,0.0,0.0,0.2,0.0,0.0,0.0,11.4,1.9,0.0,0.1,10.7,6.5,3.4,50.8,2.1,3.4,0.4,0.9,7.9
Antidesma_montanum,0.922,4.7,4.5,22.4,4.5,0.0,0.1,10.6,0.8,2.4,4.5,1.4,22.6,0.5,1.7,0.2,0.0,1.8,1.1,14.9,1.4
Litsea_mysorensis,0.938,0.0,0.7,4.7,1.0,0.0,0.1,0.3,3.3,0.0,1.4,0.0,33.5,1.1,10.7,0.1,2.5,0.8,0.7,38.9,0.3
Poeciloneuron_indicum,0.956,3.4,0.0,0.4,2.1,0.0,0.8,3.3,0.0,0.0,0.0,0.3,22.0,6.4,0.8,0.0,0.0,0.0,2.0,50.2,8.3
Memecylon_wightii,0.939,1.6,0.0,0.0,0.2,0.0,2.7,0.0,10.1,0.0,0.0,0.4,34.2,0.1,7.4,4.9,9.4,0.0,0.0,28.9,0.0
Blepharistemma_serratum,0.897,0.0,14.3,0.0,0.0,0.0,0.0,37.7,0.0,0.0,0.0,0.0,0.0,0.0,0.0,0.0,0.0,0.0,3.7,15.1,29.2
Madhuca_neriifolia,0.931,0.0,0.0,0.0,21.7,0.0,0.0,0.0,0.0,0.0,0.0,0.0,10.0,54.4,8.4,0.0,0.0,0.0,0.0,0.0,5.7
Bridelia_stipularis,0.897,0.0,0.0,0.2,1.6,0.0,0.0,0.0,0.0,0.0,0.0,0.0,0.0,0.0,2.5,70.0,0.0,0.0,19.7,3.2,2.9
Glochidion_hohenackeri,0.999,0.0,0.0,0.0,0.0,0.0,0.0,0.0,16.6,0.0,0.1,0.0,0.0,0.0,0.0,54.4,0.0,0.0,24.3,4.6,0.0
Dracaena_elliptica,0.963,0.0,0.0,24.9,26.9,0.0,0.0,23.5,0.0,0.0,0.0,0.0,0.0,0.0,6.3,0.0,0.0,0.2,0.0,3.4,14.6
Diospyros_malabarica,0.37,5.3,40.9,0.0,2.7,0.0,0.0,7.8,2.4,0.0,0.0,0.0,0.0,0.0,38.7,0.0,0.0,0.0,0.0,2.2,0.0
Allophylus_cobbe,0.932,0.2,1.2,0.0,6.9,0.0,0.0,0.0,5.8,2.1,0.0,0.0,1.7,0.0,1.6,54.6,1.9,0.0,23.8,0.0,0.1
Neolitsea_fischeri,0.946,0.0,0.0,0.0,5.1,3.0,0.0,0.2,0.0,0.0,2.7,0.0,0.0,0.2,82.9,5.8,0.0,0.0,0.0,0.0,0.0
Litsea_glabrata,0.952,6.1,7.5,0.0,2.1,15.9,0.0,20.3,0.1,3.0,14.9,0.0,3.5,0.0,22.5,0.0,0.0,0.0,0.0,3.8,0.4
Saraca_asoca,0.782,0.0,0.0,0.0,1.7,0.0,0.0,0.4,0.0,0.0,0.0,12.6,0.0,10.5,0.9,17.6,0.0,0.0,19.4,8.5,28.4
Polyalthia_malabarica,0.938,0.0,4.0,3.2,0.0,0.0,4.3,61.6,0.0,0.0,0.0,0.0,0.0,0.0,2.0,0.0,0.0,20.6,0.0,0.0,4.3
Ficus_talbotii,0.496,0.0,42.1,0.0,0.0,1.2,0.0,0.0,35.5,0.0,0.0,0.0,0.0,0.0,0.0,0.0,0.0,0.0,0.0,14.3,7.0
Margaritaria_indica,0.805,0.0,10.4,0.0,61.8,0.0,0.0,0.0,0.0,0.5,0.0,0.0,0.0,0.0,17.1,0.4,0.0,0.0,4.7,0.0,5.1
Entada_rheedei,0.997,0.0,0.0,0.0,0.0,0.0,0.0,0.0,0.2,0.0,0.4,5.1,0.0,12.5,0.0,14.6,0.0,0.0,35.2,4.6,27.4
Saprosma_glomerata,0.969,0.6,21.4,0.0,0.0,8.4,0.7,24.4,12.9,0.0,0.0,0.0,0.0,0.0,0.7,3.2,0.0,0.5,0.5,26.6,0.2
Pterospermum_rubiginosum,0.944,0.0,8.0,0.0,0.0,0.0,0.4,20.9,0.0,0.0,0.0,0.0,0.0,0.0,0.0,0.0,0.0,0.0,0.5,41.0,29.3
Machilus_glaucescens,0.998,0.0,1.6,0.0,0.0,0.0,0.0,0.0,0.0,0.0,0.0,0.0,0.0,12.5,0.0,52.5,0.0,0.0,8.9,5.1,19.4
Maytenus_rothiana,0.23,0.0,0.0,0.0,0.0,0.0,0.0,0.0,4.7,0.4,5.3,0.0,0.0,8.8,0.0,62.6,3.0,0.0,0.5,12.7,2.0
Casearia_rubescens,0.748,4.8,19.4,0.0,6.8,32.2,2.1,11.6,5.2,0.0,8.4,0.0,0.0,0.2,3.4,0.0,0.0,0.0,5.2,0.0,0.7
Sterculia_guttata,0.853,0.0,32.9,0.0,13.8,0.0,0.7,32.5,0.0,0.0,0.0,0.0,0.0,0.0,0.0,4.9,0.8,0.0,6.8,1.6,6.0
Gluta_travancorica,0.999,0.0,19.4,0.0,0.0,0.0,0.0,0.0,0.0,0.0,0.0,0.0,0.0,0.0,79.4,0.6,0.0,0.0,0.6,0.0,0.0
Clerodendrum_infortunatum,0.655,5.6,13.1,0.0,3.2,14.9,2.2,3.0,4.7,0.0,4.6,0.0,1.4,0.0,12.3,0.0,0.0,2.4,6.0,15.3,11.3
Sageraea_laurina,0.924,0.0,0.0,1.3,10.0,0.9,0.0,0.0,0.0,0.0,0.0,3.1,0.0,18.1,0.0,47.2,0.0,0.0,6.9,0.7,11.9
Tarenna_nilagirica,0.972,0.0,14.9,0.0,0.0,1.9,0.0,74.8,5.2,0.0,0.0,0.0,1.8,0.0,0.0,0.0,0.0,0.0,0.0,0.0,1.4
Artocarpus_gomezianus,0.803,0.0,0.1,0.0,30.3,0.0,0.0,2.4,0.0,0.0,0.0,0.0,4.0,1.6,24.3,0.0,0.0,5.0,14.3,1.3,16.8
Eurya_nitida,0.957,0.0,18.6,0.0,10.2,0.0,0.0,7.8,20.5,0.0,13.4,0.5,4.7,0.0,0.0,0.0,0.0,0.0,0.0,24.3,0.0
Atalantia_wightii,0.8,0.0,0.0,25.2,0.5,0.0,0.0,2.4,8.1,0.4,0.0,0.1,27.2,0.4,0.4,1.1,0.0,0.0,0.0,2.4,31.9
Murraya_paniculata,0.908,0.0,6.7,0.0,27.6,0.0,0.0,0.0,0.0,0.0,0.0,0.0,0.0,0.0,0.2,0.0,0.0,24.7,0.0,0.4,40.5
Syzygium_lanceolatum,0.977,0.0,29.5,0.2,0.0,21.3,0.0,4.4,0.0,14.3,0.0,0.0,0.0,0.0,20.2,0.0,0.0,3.0,0.0,7.1,0.0
Nothapodytes_nimmoniana,0.853,0.0,1.5,0.0,10.0,3.3,0.0,0.9,2.7,0.0,1.3,0.1,4.3,19.3,0.1,8.6,3.9,0.0,1.3,1.0,41.6
Chrysophyllum_flexuosum,0.786,0.0,0.0,0.0,17.8,0.0,0.9,0.0,2.9,0.0,0.0,0.0,0.0,55.0,0.0,0.2,0.0,0.0,14.0,0.0,9.4
Cryptocarya_beddomei,0.914,0.0,0.2,4.6,1.5,0.0,0.0,5.3,6.9,0.0,0.0,0.1,16.8,0.0,0.2,1.9,2.3,0.8,2.2,46.8,10.3
Cynometra_travancorica,0.941,0.0,13.8,0.0,0.0,0.0,2.0,29.0,0.0,0.0,0.0,0.0,0.0,0.0,0.0,0.0,0.0,0.0,0.0,29.6,25.6
Stereospermum_tetragonum,0.864,0.0,0.2,28.7,0.0,0.3,0.4,0.7,1.5,0.9,0.0,0.9,17.6,0.0,31.5,1.5,0.0,0.5,14.3,0.6,0.3
Dysoxylum_malabaricum,0.859,0.1,3.4,27.3,0.2,0.0,9.7,9.1,0.0,0.3,3.0,0.1,27.2,0.0,1.4,0.2,0.6,0.4,3.3,2.5,11.1
Psychotria_truncata,0.981,3.3,4.3,0.0,2.0,0.0,0.0,0.0,0.3,1.3,0.0,0.0,0.3,0.0,0.1,0.0,2.8,0.0,0.8,84.7,0.1
Aglaia_elaeagnoidea,0.857,0.0,5.7,11.8,0.1,0.2,6.8,0.6,0.0,0.0,0.8,0.0,17.9,1.6,5.0,1.3,0.0,0.3,0.2,7.5,40.3
Epiprinus_mallotiformis,0.907,0.0,22.4,0.6,0.0,8.9,0.0,16.5,0.3,1.1,5.6,3.3,0.0,0.0,39.6,0.3,0.0,0.0,1.3,0.0,0.0
Bischofia_javanica,0.842,0.0,0.0,0.0,1.8,0.0,7.0,0.0,13.0,0.9,0.0,0.0,0.3,2.1,3.7,3.0,24.8,2.2,0.1,37.8,3.4
Palaquium_ellipticum,0.926,2.5,2.4,8.0,0.1,0.0,0.0,0.6,0.6,2.3,11.4,3.7,15.5,0.6,4.4,0.1,0.0,0.9,0.1,45.2,1.4
Mallotus_nudiflorus,0.9,0.0,19.7,0.0,38.0,0.0,0.0,16.5,0.0,0.0,0.0,0.1,8.5,0.0,1.6,0.0,0.0,0.0,0.0,0.0,15.5
Chrysophyllum_roxburghii,0.873,4.3,9.1,0.0,1.5,0.0,5.2,5.8,0.0,0.4,0.0,0.0,10.2,2.8,0.2,0.0,0.0,4.9,1.0,45.6,9.0
Ocotea_lancifolia,0.97,5.0,9.0,2.1,3.4,0.3,0.0,5.6,0.0,0.4,5.4,1.4,14.7,0.0,9.9,0.6,0.1,18.4,0.2,23.6,0.1
Dimorphocalyx_beddomei,0.928,0.4,8.5,1.2,0.0,4.6,0.0,56.0,3.3,2.8,0.0,2.6,0.0,0.0,0.0,0.2,0.0,0.7,4.3,0.3,15.0
Dichapetalum_gelonioides,0.875,0.9,6.9,17.4,0.1,0.0,1.4,0.0,0.0,0.1,2.7,0.0,7.3,9.7,0.0,4.3,0.6,1.0,0.3,13.5,33.8
Clausena_anisata,0.518,0.0,5.3,0.0,11.0,5.5,0.0,1.7,0.0,0.0,0.0,0.0,35.6,18.8,4.4,0.0,4.9,2.8,2.2,0.1,7.6
Diospyros_paniculata,0.93,0.0,8.0,8.7,12.3,0.0,0.0,6.2,0.0,0.0,0.0,0.1,22.1,4.4,0.0,0.6,2.2,5.1,0.3,3.7,26.2
Clausena_indica,0.88,6.9,1.7,1.7,0.9,0.0,2.9,0.0,8.6,0.0,0.0,2.9,21.2,8.2,5.9,0.3,0.5,0.0,0.0,30.7,7.6
Hydnocarpus_macrocarpa,0.982,0.0,0.1,0.0,13.9,0.0,0.0,0.0,0.0,0.2,0.7,0.0,0.0,0.0,2.6,0.0,0.0,0.0,1.7,23.2,57.7
Tritaxis_glabella,0.972,0.0,9.0,0.0,1.1,3.0,0.0,0.5,11.7,0.0,0.4,0.0,0.3,0.0,0.0,29.2,0.0,0.0,42.2,2.4,0.0
Scutia_myrtina,0.996,0.0,0.6,0.0,0.8,0.0,0.0,2.2,0.0,0.0,1.8,0.0,0.0,0.0,0.1,74.5,0.0,1.5,16.7,0.0,1.7
Cryptocarya_lawsonii,0.911,1.4,1.9,5.7,0.3,0.1,0.0,2.8,0.8,2.4,17.4,0.0,21.7,1.6,3.4,0.2,0.0,1.2,0.0,20.8,18.3
Ixora_nigricans,0.857,0.0,8.3,1.1,2.6,9.1,0.0,0.7,1.2,0.0,13.1,0.0,12.3,4.4,1.1,1.2,0.0,6.4,0.0,23.9,14.6
Drypetes_venusta,0.876,0.0,2.4,2.3,1.7,0.0,2.8,4.2,0.4,0.6,0.3,0.0,25.8,0.0,0.6,1.1,7.2,25.4,2.7,1.1,21.4
Chionanthus_mala-elengi,0.947,0.0,9.7,0.0,0.0,0.0,0.0,0.0,0.0,0.0,0.0,0.0,0.0,0.0,0.0,29.9,0.0,0.0,34.7,25.7,0.0
Gnidia_glauca,0.993,0.0,0.0,0.0,13.0,0.0,0.0,0.0,6.9,0.0,0.0,0.0,0.0,57.3,0.0,0.6,0.0,0.0,14.7,0.0,7.5
Heritiera_papilio,0.908,0.0,15.5,0.7,0.0,0.1,0.1,0.0,0.0,0.1,34.2,1.7,2.8,0.0,0.4,0.0,0.3,1.0,0.1,38.6,4.5
Mallotus_resinosus,0.658,0.0,0.0,0.0,0.0,4.4,0.0,0.0,0.0,0.0,0.0,0.0,1.4,34.9,55.2,0.0,0.0,0.0,4.1,0.0,0.0
Ardisia_stonei,0.929,0.0,1.5,6.0,10.0,32.8,0.0,15.5,2.6,0.0,0.6,0.0,0.0,0.0,0.0,0.0,0.0,10.2,2.0,5.9,12.8
Aglaia_simplicifolia,0.94,15.3,7.2,1.4,2.8,0.0,0.0,1.0,0.0,10.5,0.0,0.0,5.2,2.4,0.6,0.0,2.5,0.4,0.1,50.3,0.2
Garcinia_morella,0.902,5.9,9.6,34.5,0.0,0.0,1.5,0.1,0.0,1.0,8.8,0.8,17.7,5.0,0.0,0.0,3.0,0.3,1.0,6.0,4.6
Artocarpus_hirsutus,0.846,0.0,0.0,11.3,0.8,0.0,4.2,0.8,10.0,4.9,0.0,0.0,24.9,0.2,3.3,3.1,19.5,0.0,3.7,2.2,11.2
Durio_exarillatus,0.972,1.3,2.5,2.4,0.1,0.0,0.0,0.6,0.0,0.3,10.2,5.4,13.2,0.0,44.1,0.0,0.0,19.1,0.1,0.8,0.0
Memecylon_talbotianum,0.914,0.1,5.3,1.2,5.0,4.1,0.0,0.0,0.6,0.0,11.1,0.0,31.8,0.0,0.0,0.6,0.9,0.0,0.7,3.7,34.7
Garcinia_indica,0.852,0.0,0.0,8.1,9.9,0.0,0.3,0.0,0.0,0.0,0.0,0.0,8.0,0.0,11.5,0.0,23.8,7.3,15.2,4.2,11.5
Holigarna_ferruginea,0.947,0.0,1.3,2.5,0.0,0.0,4.4,3.9,15.9,0.9,0.0,0.0,10.4,0.0,0.0,0.0,4.6,7.3,0.0,39.4,9.3
Holigarna_arnottiana,0.896,0.2,1.1,13.7,0.2,0.0,0.6,0.0,0.1,0.5,0.9,0.1,15.7,19.0,10.8,2.4,12.1,4.0,12.8,1.8,4.0
Dimocarpus_longan,0.908,2.2,5.5,3.0,0.3,14.2,0.0,3.9,2.8,1.4,0.3,4.3,27.3,0.5,2.9,2.7,3.9,1.9,3.3,11.5,7.9
Holigarna_beddomei,0.953,0.0,3.8,0.0,34.7,0.0,0.0,0.0,0.0,0.0,0.0,0.0,0.0,0.0,0.4,0.0,0.0,0.0,0.0,11.6,49.6
Syzygium_densiflorum,0.848,0.0,0.6,0.0,41.7,15.9,0.0,0.0,0.0,0.0,0.0,0.0,0.0,0.0,0.0,0.0,0.0,0.0,0.0,0.0,41.8
Spondias_pinnata,0.245,0.0,0.0,0.0,22.0,0.5,0.0,0.0,0.0,0.0,0.0,0.0,0.0,0.0,47.1,9.7,0.0,0.0,13.1,7.7,0.0
Elaeocarpus_munroii,0.944,0.0,0.2,0.0,4.7,40.5,0.0,13.8,0.0,1.1,0.0,1.1,0.0,0.0,0.0,0.0,0.0,0.0,0.0,38.5,0.1
Ixora_lanceolaria,0.973,0.0,3.5,0.0,48.5,0.0,0.0,0.0,0.0,0.0,0.0,0.0,0.0,0.0,0.0,0.0,0.0,0.0,0.0,0.0,48.0
Moullava_spicata,0.973,0.0,0.6,0.4,0.9,0.0,0.0,0.0,0.0,0.1,0.0,0.0,0.0,0.0,0.0,70.2,0.0,1.5,19.7,3.8,2.6
Walsura_trifoliolata,0.889,0.0,9.8,1.5,2.8,0.0,3.5,24.8,0.0,0.7,0.0,0.0,0.1,0.0,0.0,0.0,0.0,0.0,0.0,31.1,25.7
Pavetta_sp,0.925,0.0,0.0,0.0,0.0,7.3,0.0,0.0,0.0,0.0,81.0,0.0,11.7,0.0,0.0,0.0,0.0,0.0,0.0,0.0,0.0
Microcos_paniculata,0.986,0.0,0.0,0.0,3.9,0.2,0.0,3.5,1.1,0.0,0.0,11.7,0.0,2.9,0.0,27.5,0.1,0.5,41.8,6.1,0.6
Elaeodendron_paniculatum,0.953,0.0,7.8,2.7,0.6,0.2,0.0,0.0,2.8,0.0,0.0,0.0,1.0,0.0,0.0,31.9,0.8,0.0,50.1,1.7,0.3
Actinodaphne_tadulingamii,0.932,3.4,4.4,2.9,11.9,20.6,0.0,33.8,5.9,1.3,5.3,0.4,0.0,0.1,0.0,2.9,0.0,0.3,6.8,0.0,0.1
Memecylon_terminale,0.876,0.0,0.0,0.0,39.1,0.0,0.0,0.0,0.4,0.0,0.0,0.0,39.7,0.0,0.0,0.0,0.0,0.0,2.9,15.0,2.9
Atalantia_racemosa,0.883,0.0,0.1,0.0,0.0,0.0,0.2,0.0,0.1,0.0,0.0,0.0,0.4,36.9,0.0,41.8,0.0,1.2,0.1,0.8,18.3
Aphananthe_cuspidata,0.459,0.0,3.9,0.0,30.5,0.0,0.0,0.0,5.0,0.0,0.0,0.0,9.8,0.0,0.0,0.0,0.0,0.0,0.0,3.7,47.1
Alstonia_scholaris,0.749,0.9,0.1,13.5,0.8,0.0,0.9,0.0,0.1,0.5,0.0,0.0,36.9,0.0,14.9,14.2,0.7,2.4,3.8,10.1,0.0
Hopea_ponga,0.947,0.2,0.9,18.2,0.2,0.0,0.0,0.0,3.2,0.0,0.4,1.0,0.0,36.3,8.2,0.7,0.0,0.0,2.2,6.6,22.0
Ixora_elongata,0.994,0.0,3.3,0.0,0.0,0.0,0.0,1.0,0.0,1.9,2.1,3.2,0.2,11.2,0.9,0.0,0.2,18.5,0.0,42.6,15.0
Diospyros_sylvatica,0.891,0.0,2.1,4.8,0.0,0.0,0.5,0.0,24.5,0.0,0.0,0.1,43.1,0.6,3.9,0.0,0.2,0.0,0.9,16.4,2.8
Ixora_brachiata,0.856,0.0,0.0,21.7,0.0,0.0,0.0,0.0,1.9,0.4,0.2,2.7,0.3,31.1,9.7,16.9,0.0,0.0,7.3,1.8,5.9
Actephila_excelsa,0.973,0.0,0.0,0.0,3.8,0.0,0.0,0.0,0.0,0.0,0.0,0.0,3.7,6.8,0.0,0.0,0.0,0.0,0.0,0.0,85.6
Hopea_parviflora,0.9,0.0,13.2,6.0,0.2,0.0,0.1,0.0,0.0,0.0,0.0,0.1,2.9,0.0,0.1,0.0,0.5,0.8,0.7,33.5,41.9
Leptonychia_caudata,0.993,0.0,25.7,0.0,0.0,0.0,0.0,71.0,0.0,0.0,0.0,0.0,0.0,0.0,0.0,0.0,0.0,0.0,0.1,3.2,0.0
Casearia_wynadensis,0.987,0.0,0.3,0.0,0.1,0.0,0.8,0.4,9.4,6.2,0.0,0.0,7.5,0.0,1.0,3.4,5.6,15.5,0.2,48.2,1.4
Helicia_nilagirica,0.901,0.0,18.0,0.0,0.0,8.6,0.0,70.9,0.0,0.2,0.0,0.0,0.0,0.0,0.0,0.0,0.0,2.2,0.1,0.0,0.0
Aidia_densiflora,0.961,0.0,14.8,0.0,0.0,0.0,0.0,85.2,0.0,0.0,0.0,0.0,0.0,0.0,0.0,0.0,0.0,0.0,0.0,0.0,0.0
Memecylon_umbellatum,0.958,0.0,0.0,0.0,0.5,4.1,0.0,0.2,0.0,0.0,4.7,0.2,1.7,16.9,0.1,56.1,1.2,0.5,3.1,8.2,2.6
Oreocnide_integrifolia,0.867,5.6,1.7,4.3,5.9,41.1,0.1,34.2,0.9,0.0,0.0,0.5,0.0,0.0,0.0,0.0,0.0,1.3,3.9,0.2,0.4
Diospyros_saldanhae,0.968,0.0,0.0,30.3,0.1,0.0,0.0,0.0,3.1,0.0,0.0,0.0,0.1,2.2,0.5,0.6,37.6,1.0,3.7,7.2,13.6
Falconeria_insignis,0.905,0.0,28.8,0.0,0.0,0.0,0.1,0.0,0.0,0.0,0.0,0.0,0.0,0.0,42.1,3.8,0.0,1.7,23.5,0.0,0.0
Syzygium_grande,0.981,0.0,17.5,0.0,0.0,0.6,0.0,24.5,22.6,0.0,0.0,0.0,1.0,1.8,8.4,7.7,0.2,0.0,0.4,15.2,0.0
Celtis_philippensis,0.752,0.0,0.0,1.4,12.9,0.0,0.0,0.0,0.4,0.0,0.0,0.0,0.0,10.8,11.5,41.6,0.0,1.9,19.3,0.3,0.0
Rapanea_wightiana,0.921,0.0,0.0,0.0,18.2,0.0,0.0,0.0,10.0,0.0,0.0,0.0,53.8,0.0,0.0,0.0,0.0,0.0,0.0,14.5,3.6
Psychotria_flavida,0.956,0.0,0.0,0.0,27.5,0.0,0.0,1.8,0.0,0.0,0.0,15.0,7.4,0.0,0.0,0.0,0.0,0.0,0.0,0.0,48.3
Apodytes_dimidiata,0.859,0.0,18.5,0.0,0.0,4.0,0.0,42.4,0.0,0.2,0.0,0.0,0.0,0.0,0.0,0.0,0.0,0.0,0.0,34.6,0.2
Memecylon_malabaricum,0.882,0.0,1.5,0.0,15.5,4.8,0.6,0.0,0.0,0.0,0.0,0.0,36.8,0.0,40.6,0.0,0.0,0.2,0.0,0.0,0.0
Lasiosiphon_glaucus,0.898,0.0,0.0,0.1,0.0,0.0,0.0,0.0,0.0,0.0,0.0,0.0,0.0,3.2,0.0,79.3,0.0,1.4,9.4,3.2,3.5
Actinodaphne_wightiana,0.927,0.0,0.2,16.3,2.2,0.0,5.8,0.3,0.0,0.0,5.3,0.1,11.5,0.2,0.1,0.0,24.3,0.0,0.7,3.0,30.2
Xantolis_tomentosa,0.922,0.0,0.0,2.5,0.3,4.1,0.0,0.0,0.3,0.1,0.0,0.2,0.3,34.4,17.1,14.9,0.0,0.4,14.8,7.1,3.6
Cryptocarya_anamalayana,0.875,0.0,0.0,3.3,1.0,0.8,0.5,0.0,6.4,0.0,7.0,4.0,9.2,0.0,1.3,0.0,3.3,0.4,0.4,41.4,21.1
Pajanelia_longifolia,0.931,0.0,5.0,0.0,0.1,0.0,0.0,9.4,0.0,0.0,0.0,0.0,2.7,24.9,5.6,0.0,0.0,0.0,0.0,16.8,35.6
Litsea_laevigata,0.888,0.0,9.4,10.4,0.3,5.1,1.7,2.2,7.2,0.0,0.0,0.0,22.6,4.1,5.2,1.5,13.1,0.0,4.8,7.8,4.6
Nothopegia_castaneifolia,0.966,0.0,0.1,0.6,0.1,0.0,0.0,0.0,0.0,0.0,0.0,0.0,0.0,0.0,1.5,69.6,6.3,0.2,5.4,4.4,12.0
Garcinia_spicata,0.889,0.0,0.0,0.0,0.0,0.0,0.0,0.0,0.0,0.0,0.0,0.0,0.0,0.0,0.0,0.0,0.0,4.4,0.0,93.8,1.8
Litsea_oleoides,0.966,17.2,5.6,4.9,0.1,0.0,0.0,2.4,0.3,0.5,0.0,3.2,12.3,0.0,4.5,0.0,0.0,0.5,0.0,48.4,0.2
Turpinia_malabarica,0.902,0.0,0.0,7.9,50.9,1.1,0.0,23.8,0.1,0.0,0.0,0.0,4.9,0.0,4.6,0.0,0.0,0.0,0.0,0.0,6.7
Oxyceros_rugulosus,0.996,0.5,0.0,0.0,0.0,0.0,0.0,0.0,11.3,0.0,0.0,0.0,0.0,0.0,0.0,66.7,0.0,2.4,14.3,3.3,1.6
Nothopegia_aureofulva,0.974,0.0,1.0,1.4,0.0,0.0,0.0,15.3,0.0,0.0,0.0,0.0,0.0,0.1,59.4,6.8,0.0,0.0,4.4,0.0,11.5
Semecarpus_auriculata,0.945,0.0,16.5,0.0,4.2,0.0,0.0,50.7,0.0,0.0,0.0,0.0,0.0,0.0,0.0,0.0,0.0,22.1,0.3,0.0,6.1
Isonandra_lanceolata,0.954,0.0,13.4,2.7,2.2,0.0,0.0,6.5,0.0,0.0,8.4,3.2,10.8,0.0,0.0,0.0,0.0,0.4,0.1,48.6,3.6
Actinodaphne_bourdillonii,0.911,0.0,2.5,0.1,0.4,4.3,0.0,0.1,9.3,0.0,0.0,0.1,19.8,3.8,0.0,0.0,6.5,0.4,0.0,48.0,4.7
Vitex_altissima,0.838,0.0,0.3,19.3,0.1,0.1,0.0,0.0,0.1,0.6,0.0,1.2,22.2,0.1,35.2,3.8,0.0,0.2,14.6,1.5,0.5
Ficus_nervosa,0.826,0.1,4.6,7.6,0.0,23.8,1.3,0.8,0.9,0.0,0.4,0.0,36.6,7.8,3.9,0.5,0.0,1.3,2.6,0.4,7.5
Dipterocarpus_bourdillonii,0.943,0.0,3.9,0.0,0.6,0.0,0.0,92.7,0.0,0.0,0.0,0.0,0.0,0.0,0.0,0.0,0.0,2.5,0.0,0.0,0.4
Diploclisia_glaucescens,0.965,0.0,0.0,0.0,2.6,0.0,0.0,0.0,0.0,0.0,0.0,0.0,0.0,12.2,0.0,57.6,0.0,0.0,26.5,0.0,1.1
Beilschmiedia_dalzellii,0.88,0.0,3.6,1.4,2.4,5.8,3.8,0.5,2.0,0.0,1.4,0.1,5.3,16.1,1.0,0.8,25.5,0.0,3.6,0.3,26.4
Connarus_wightii,0.979,0.0,1.1,0.0,6.9,0.0,0.0,0.0,0.0,0.0,0.0,0.0,0.0,9.4,0.0,46.5,0.0,0.0,35.3,0.0,0.7
Saprosma_corymbosum,1.0,0.0,3.9,0.0,0.0,0.0,0.0,0.0,0.0,0.0,0.0,0.0,0.0,0.0,85.4,10.6,0.0,0.0,0.0,0.0,0.0
Diospyros_buxifolia,0.959,0.0,7.8,7.8,1.2,0.0,6.7,22.4,0.0,1.7,0.0,0.3,6.5,1.3,2.2,1.1,0.4,0.1,5.8,4.3,30.5
Callicarpa_tomentosa,0.912,0.0,1.0,11.1,1.2,0.0,1.3,0.7,0.1,0.0,1.4,0.0,24.4,0.9,4.2,0.4,35.8,0.0,12.6,1.1,3.8
Mallotus_aureopunctatus,0.82,0.0,0.3,0.0,12.4,0.0,0.0,0.0,0.0,0.0,0.0,0.0,0.0,76.6,0.0,0.4,0.0,0.0,0.5,9.9,0.0
Diospyros_nigrescens,0.965,0.0,0.2,0.0,0.0,0.0,0.0,2.5,0.0,0.0,1.5,0.0,0.0,3.8,2.0,78.6,0.0,0.6,9.3,0.0,1.5
Anacolosa_densiflora,0.958,0.0,6.0,5.0,1.1,0.0,0.0,54.1,0.0,0.0,0.0,0.0,0.0,0.0,5.7,0.4,0.1,19.7,0.5,0.0,7.3
Madhuca_bourdillonii,0.721,0.0,12.3,0.0,0.0,0.0,0.0,21.4,0.0,0.0,0.0,16.9,0.0,0.0,0.0,0.0,0.0,0.0,0.0,0.0,49.4
Myristica_beddomei,0.99,0.0,0.0,0.0,0.0,3.2,0.0,0.2,0.0,0.6,0.0,0.3,0.0,0.0,0.0,73.0,0.0,0.0,19.0,3.1,0.7
Octotropis_travancorica,0.998,0.0,0.1,0.0,0.2,0.0,0.0,1.0,0.0,0.0,0.0,0.0,0.0,0.0,87.1,11.6,0.0,0.0,0.0,0.0,0.0
Cryptocarya_stocksii,0.994,0.0,0.0,8.0,9.2,0.0,0.0,9.1,16.3,0.0,8.7,0.0,26.9,0.0,5.3,0.0,0.0,0.6,0.0,0.1,15.8
Glochidion_ellipticum,0.86,1.4,11.6,1.9,1.2,0.0,2.2,0.1,0.1,0.0,10.4,0.0,21.8,3.0,0.3,1.5,15.7,1.2,8.4,2.5,16.9
Luvunga_sarmentosa,0.99,0.0,0.0,0.0,0.0,0.0,0.0,0.0,0.0,0.0,0.0,0.0,0.0,19.3,0.0,58.9,0.0,0.6,13.4,5.4,2.4
Casearia_ovata,0.791,0.7,5.1,18.9,0.8,0.0,1.2,3.6,5.4,0.0,4.5,0.0,33.7,3.6,5.4,0.5,6.5,0.5,0.4,6.3,3.0
Lagerstroemia_microcarpa,0.901,0.0,0.0,0.3,0.8,0.0,5.1,8.2,12.9,0.0,0.0,0.5,0.6,32.5,14.5,0.5,2.0,0.2,21.1,0.8,0.1
Reinwardtiodendron_anamalaiense,0.906,0.0,3.1,5.7,0.8,0.0,4.2,0.7,0.0,2.2,0.0,0.0,9.5,0.1,0.0,0.0,6.4,2.1,0.1,35.9,29.0
Dysoxylum_gotadhora,0.754,0.0,0.3,0.0,0.0,0.8,0.0,0.7,0.0,0.0,8.8,0.0,0.0,13.3,0.0,40.9,0.0,11.8,0.1,0.5,22.8
Lasianthus_jackianus,0.775,1.0,1.5,0.0,0.0,7.0,0.0,48.9,15.4,1.9,0.0,0.0,2.3,0.0,13.8,1.7,1.2,2.2,1.9,1.2,0.0
Calophyllum_austroindicum,0.924,0.0,26.6,0.0,5.5,5.6,0.0,8.0,0.0,0.0,0.0,0.0,0.0,0.7,52.7,0.0,0.0,0.0,0.9,0.0,0.0
Lasianthus_acuminatus,0.957,10.1,3.4,0.3,5.3,0.0,0.0,7.1,0.4,0.2,1.6,0.0,0.0,0.0,0.0,0.0,0.0,0.0,0.6,65.4,5.7
Ficus_virens,0.678,3.9,0.5,0.0,31.8,4.0,2.4,0.0,0.0,0.0,16.9,0.0,17.1,3.8,12.2,0.0,3.9,0.0,0.0,0.0,3.2
Litsea_floribunda,0.895,0.0,0.0,10.3,7.6,5.1,5.3,0.0,1.3,0.2,18.8,0.7,27.9,2.6,1.5,0.1,6.9,0.0,0.0,10.2,1.5
Ardisia_solanacea,0.922,0.0,0.4,0.0,9.6,0.8,0.0,4.9,0.0,0.0,0.0,0.0,0.0,0.0,0.0,52.4,0.0,0.2,31.8,0.0,0.0
Carallia_brachiata,0.915,0.0,0.0,1.0,1.0,0.0,0.0,1.6,11.9,0.4,0.0,0.0,27.5,0.0,0.0,3.5,51.1,0.3,0.4,1.1,0.3
Psychotria_dalzellii,0.973,0.0,11.7,0.0,6.1,0.0,0.0,0.0,1.6,0.3,0.0,0.9,5.4,7.5,5.1,0.0,20.9,5.0,12.6,0.6,22.2
Microtropis_latifolia,0.89,0.0,4.4,1.8,0.0,0.0,0.0,11.5,13.6,1.2,17.2,1.7,10.3,0.0,1.3,0.1,0.0,3.3,0.0,32.1,1.4
Elaeocarpus_venustus,0.999,0.0,0.0,2.6,0.0,0.0,0.0,0.2,0.0,0.0,0.0,0.0,0.1,0.0,60.8,35.5,0.0,0.0,0.0,0.8,0.0
Diospyros_nilagirica,0.859,0.0,0.3,0.0,0.0,0.0,0.0,93.2,0.1,0.0,0.0,0.0,0.0,0.0,0.0,0.0,0.0,4.9,0.0,0.0,1.5
Aglaia_bourdillonii,0.998,0.0,0.0,0.0,0.0,0.0,0.0,0.0,0.0,0.0,0.0,0.0,0.0,1.7,69.0,28.5,0.0,0.0,0.5,0.2,0.0
Smythea_bombaiensis,0.966,0.0,0.0,0.0,0.7,0.0,0.0,0.0,0.0,0.0,0.0,0.0,0.0,7.0,0.0,47.4,0.0,0.0,35.6,5.1,4.1
Syzygium_munronii,0.995,14.1,0.4,0.0,0.0,0.0,0.0,2.0,0.1,11.3,0.0,1.8,6.1,0.0,0.0,0.0,13.3,27.8,0.1,21.7,1.1
Memecylon_heyneanum,0.931,0.0,3.7,0.0,27.2,0.1,0.0,43.3,0.0,0.0,1.6,0.0,0.0,0.1,0.0,0.5,0.0,1.3,2.7,0.8,18.7
Glycosmis_pentaphylla,0.88,0.0,2.3,9.0,2.5,0.0,3.1,0.3,8.5,0.0,0.0,3.0,31.8,4.2,0.1,3.0,0.0,0.1,1.0,3.5,27.6
Psydrax_dicoccos,0.901,0.0,0.0,5.9,7.2,0.0,1.0,0.0,4.6,0.0,11.2,0.0,22.7,19.1,2.4,9.4,0.1,0.1,4.5,2.2,9.5
Pterygota_alata,0.942,0.0,3.5,1.6,0.0,0.0,16.9,45.7,0.0,0.0,0.0,1.4,0.0,0.0,0.0,0.7,0.2,1.2,0.8,0.0,28.1
Lasianthus_rostratus,0.977,3.1,0.0,0.0,0.0,3.7,0.0,0.0,0.0,0.0,6.3,1.9,0.0,0.0,53.3,25.1,0.0,1.9,4.4,0.3,0.0
Terminalia_bellirica,0.84,0.0,0.1,12.4,0.0,0.0,0.0,2.6,0.7,0.1,0.0,1.2,1.3,15.6,31.8,0.9,4.4,0.5,26.1,1.1,1.2
Garcinia_talbotii,0.907,0.0,1.6,0.6,0.2,14.4,3.4,0.0,0.0,0.0,1.1,1.5,32.9,8.5,0.0,9.1,0.0,13.7,4.5,4.2,4.3
Myristica_malabarica,0.833,0.0,5.5,41.8,5.5,0.0,0.0,0.1,0.2,0.0,0.2,1.2,34.0,0.5,3.5,0.0,0.0,0.0,2.2,2.1,3.1
Diospyros_crumenata,0.963,0.0,0.0,0.6,4.8,0.0,0.0,0.0,0.0,0.0,0.0,3.2,0.0,0.0,1.6,0.0,65.6,10.3,10.4,0.0,3.5
Aporosa_cardiosperma,0.933,0.0,0.0,20.4,0.2,0.0,1.1,1.7,0.0,0.5,0.3,0.9,15.3,9.0,27.3,0.9,0.3,1.1,17.4,3.0,0.5
Euonymus_angulatus,0.988,2.0,0.0,2.5,22.7,1.7,0.0,5.6,27.2,0.0,2.6,0.0,8.7,0.0,4.4,0.0,0.0,2.8,0.0,0.0,19.8
Diospyros_kedam,0.999,0.0,23.2,0.0,0.0,0.0,0.8,6.1,10.1,0.8,0.0,0.0,5.2,0.0,5.7,6.1,10.2,0.0,0.1,19.1,12.7
Tetrapilus_dioicus,0.979,0.0,0.1,0.1,1.1,0.0,0.0,0.9,0.0,0.0,0.0,0.0,0.0,6.3,3.0,52.0,0.0,1.3,26.8,7.3,1.1
Ficus_microcarpa,0.88,0.0,0.0,0.0,28.2,0.0,0.0,0.0,0.3,0.0,0.0,0.0,33.5,0.0,0.0,0.0,0.0,0.0,0.5,30.7,6.8
Pandanus_furcatus,0.94,1.8,3.3,0.6,0.2,0.0,0.0,47.6,0.0,0.0,6.1,0.0,9.1,0.4,0.3,0.0,6.2,0.5,0.3,3.3,20.3
Humboldtia_decurrens,0.996,0.0,4.0,0.0,2.2,0.0,0.0,62.9,0.0,0.0,0.0,0.0,0.0,0.0,0.0,0.0,0.0,30.9,0.0,0.0,0.0
Bhesa_indica,0.982,8.9,3.2,0.4,7.1,24.8,0.0,3.2,4.0,3.1,0.0,0.0,0.0,0.0,41.2,3.0,0.0,0.0,0.1,0.9,0.0
Acronychia_pedunculata,0.879,0.0,0.2,15.8,0.0,0.0,2.3,0.1,0.0,0.0,0.0,0.0,8.2,0.0,67.2,2.5,0.0,0.1,0.0,1.3,2.3
Diospyros_ebenum,0.935,0.0,7.3,1.7,0.0,0.0,3.2,0.0,0.0,0.9,0.0,0.0,0.0,0.0,1.4,3.1,4.5,0.0,0.1,32.9,44.8
Vepris_bilocularis,0.911,0.0,1.2,10.7,19.2,7.7,3.0,5.0,0.3,0.0,2.7,0.1,9.9,5.7,4.4,0.0,11.5,5.5,0.5,0.6,12.0
Dimorphocalyx_glabellus,0.271,0.0,0.0,0.0,0.0,0.0,0.0,0.0,0.0,0.0,0.0,0.0,0.0,58.3,0.0,11.1,0.3,2.1,11.7,0.0,16.6
Drypetes_oblongifolia,0.957,0.0,1.9,8.1,0.0,0.2,0.0,0.0,3.5,0.0,3.2,3.0,7.8,1.9,7.2,0.0,0.1,9.4,0.6,44.6,8.4
Meiogyne_pannosa,0.972,0.0,4.3,2.1,2.0,0.0,0.5,4.2,1.4,0.2,22.8,1.7,24.5,1.7,1.2,0.7,2.3,1.6,0.0,24.8,3.9
Vateria_indica,0.825,2.0,9.2,2.4,0.4,0.0,0.3,30.6,0.0,0.4,0.0,0.1,3.5,0.0,0.9,0.1,0.0,0.5,1.2,10.7,37.8
Discospermum_sphaerocarpum,0.965,0.3,6.4,0.6,0.0,21.1,0.3,41.5,5.7,2.0,0.0,3.0,0.0,0.0,9.4,0.0,0.0,0.3,7.1,0.5,1.9
Mimusops_elengi,0.899,0.0,8.1,1.8,0.2,11.6,0.0,0.3,2.9,4.0,0.5,0.3,12.4,21.8,7.1,2.8,0.0,0.2,14.7,8.4,2.8
Litsea_ghatica,0.91,0.0,6.2,0.0,0.0,0.6,0.0,0.0,50.9,0.0,0.0,0.0,1.5,25.0,0.0,14.2,0.0,0.0,1.5,0.0,0.0
Memecylon_randerianum,0.949,0.0,24.5,0.0,0.0,0.0,0.0,55.7,0.0,0.0,0.0,0.0,0.0,0.0,6.9,0.0,0.0,0.0,0.0,0.5,12.4
Beilschmiedia_wightii,0.948,2.8,0.4,0.0,1.2,0.0,2.0,0.5,16.1,6.1,0.0,0.0,1.4,0.0,0.0,0.0,0.0,0.0,0.0,65.6,3.9
Actinodaphne_hookeri,0.969,0.1,0.0,0.0,0.0,0.0,0.0,0.0,6.6,0.0,26.8,0.0,0.0,0.0,0.0,56.1,0.0,0.5,0.0,9.9,0.0
Euonymus_indicus,0.975,0.0,4.7,13.6,1.6,0.0,0.2,8.1,0.0,0.3,7.6,0.0,21.7,0.0,0.3,4.1,6.8,2.2,1.6,26.2,0.9
Elaeagnus_conferta,0.948,0.0,0.0,0.0,0.0,0.0,0.0,0.5,0.0,0.0,0.0,0.0,0.0,0.0,0.0,59.5,0.0,0.0,34.7,5.3,0.1
Orophea_thomsonii,0.836,0.2,4.3,0.5,0.5,0.0,1.5,32.2,3.0,0.2,0.0,0.0,0.0,3.4,0.0,5.9,0.0,8.0,0.0,8.7,31.6
Diospyros_pruriens,0.892,0.0,0.0,0.2,0.9,4.0,0.0,36.6,19.0,0.9,0.0,0.0,16.1,0.0,6.1,0.9,0.9,9.5,2.5,2.3,0.0
Melicope_lunu-ankenda,0.83,0.0,0.4,0.0,0.0,0.0,0.0,2.6,8.6,0.0,0.0,0.0,0.0,2.5,3.4,0.0,56.1,0.0,0.1,22.4,3.9
Terminalia_travancorensis,0.947,0.0,1.0,0.0,0.0,0.0,5.9,57.6,0.0,0.0,0.0,0.0,0.0,0.0,0.0,0.0,0.0,0.0,1.2,4.7,29.7
Schefflera_micrantha,0.971,0.0,0.0,0.0,0.0,0.0,0.0,55.3,34.2,0.0,0.0,0.0,0.0,0.0,0.0,0.0,0.0,0.9,0.0,9.6,0.0
Caryota_urens,0.719,0.0,0.0,8.7,5.2,0.0,0.9,0.9,0.0,0.0,0.0,0.4,0.0,46.1,1.7,1.3,4.1,0.6,10.6,0.2,19.4
Cinnamomum_filipedicellatum,0.995,0.0,16.8,0.3,3.4,0.0,0.0,17.4,0.0,1.5,6.6,0.0,0.0,0.0,51.1,0.0,0.0,0.0,2.4,0.0,0.6
Eugenia_macrocalyx,0.985,0.0,0.0,6.9,1.8,0.0,0.0,0.3,0.0,0.0,0.0,0.0,8.6,10.9,5.8,2.0,40.4,1.0,3.1,5.6,13.7
Actinodaphne_salicina,0.957,0.0,0.0,0.0,51.2,15.4,0.0,0.0,0.0,0.0,0.0,0.0,0.0,0.0,0.0,0.0,0.0,0.0,0.0,0.0,33.4
Capparis_baducca,0.947,0.0,6.5,0.0,37.7,0.0,0.0,0.0,0.0,0.0,0.0,1.4,0.0,0.0,0.0,0.0,0.0,0.0,1.3,14.0,39.1
Neolitsea_zeylanica,0.869,0.0,1.9,0.0,5.1,0.0,0.0,0.0,3.0,0.1,1.2,0.0,2.8,56.8,0.5,4.2,0.0,0.4,3.1,3.0,17.9
Magnolia_nilagirica,0.839,0.0,0.0,0.0,0.9,0.0,0.0,0.0,99.1,0.0,0.0,0.0,0.0,0.0,0.0,0.0,0.0,0.0,0.0,0.0,0.0
Chionanthus_ramiflorus,0.983,6.9,9.8,0.0,0.0,0.0,0.0,0.0,0.0,6.6,0.0,0.0,6.7,0.0,0.0,0.1,0.0,2.0,0.0,61.4,6.5
Mallotus_rhamnifolius,0.983,0.0,51.4,0.0,0.2,0.0,0.0,42.7,0.0,0.0,0.0,0.0,0.0,0.0,0.0,0.0,0.0,0.0,5.7,0.0,0.0
Symplocos_racemosa,0.929,0.0,0.0,6.6,0.3,0.0,0.0,1.5,2.3,0.0,16.9,0.0,3.8,42.9,0.1,0.2,3.6,0.5,0.1,5.4,15.8
Garcinia_rubroechinata,0.987,0.0,4.3,0.0,0.0,0.0,0.0,0.0,0.0,0.0,0.0,0.0,0.0,0.0,0.0,95.7,0.0,0.0,0.0,0.0,0.0
Otonephelium_stipulaceum,0.955,0.0,3.2,3.7,0.0,0.1,2.9,0.2,0.0,2.1,0.0,3.1,3.4,1.5,0.3,0.3,5.9,8.6,8.4,46.2,10.2
Prunus_ceylanica,0.83,0.0,2.5,0.1,8.8,0.0,0.0,6.8,0.0,0.0,0.0,1.1,20.8,0.0,20.7,4.5,0.0,18.5,0.0,14.5,1.7
Croton_malabaricus,0.915,0.0,0.8,6.4,0.0,0.0,0.6,4.5,0.0,0.8,0.0,0.1,4.5,0.0,14.5,0.3,0.0,13.6,1.1,29.2,23.7
Heynea_trijuga,0.878,0.0,0.0,2.4,0.0,0.0,10.7,3.7,30.1,0.0,0.0,0.0,21.0,23.4,4.1,0.0,0.0,0.1,0.2,1.9,2.5
Cinnamomum_malabatrum,0.855,1.5,7.4,4.0,2.5,13.7,0.4,0.6,2.3,0.3,0.1,1.8,29.0,0.3,4.9,0.2,2.2,4.5,3.6,7.2,13.6
Diospyros_montana,0.854,0.3,2.3,2.9,3.3,0.0,3.7,9.4,0.0,0.0,0.0,0.2,16.6,3.6,17.7,0.8,0.3,1.1,36.1,0.0,1.8
Canarium_strictum,0.941,4.0,3.8,24.0,4.9,0.0,0.4,5.9,0.3,0.1,2.2,0.5,18.9,7.8,1.4,0.4,0.0,0.0,0.0,10.1,15.3
Persea_macrantha,0.927,0.0,5.5,18.7,2.3,0.0,0.0,0.1,1.9,3.2,13.9,0.5,29.9,1.7,2.1,0.0,0.2,0.0,0.2,2.8,17.0
Cinnamomum_verum,0.891,0.0,0.0,0.0,2.3,3.0,0.0,1.1,0.0,0.0,0.0,0.0,5.4,55.7,0.1,2.4,4.7,0.1,17.6,5.8,1.7
Sageraea_thwaitesii,0.948,0.4,2.6,6.0,2.8,0.0,10.8,18.8,0.0,0.9,0.0,0.0,0.0,3.9,0.0,3.7,0.0,26.5,0.1,0.0,23.4
Miliusa_gokhalaei,0.915,0.0,0.0,8.5,5.3,0.0,0.0,44.1,18.3,0.0,0.0,0.0,0.0,0.0,2.9,0.0,0.0,14.8,0.0,0.1,6.0
Hunteria_zeylanica,0.926,0.0,0.0,3.8,51.2,0.0,0.0,0.0,0.0,0.0,0.0,0.0,0.0,0.3,26.5,10.9,0.0,0.0,0.7,4.5,2.1
Canthium_rheedei,0.989,0.0,0.1,2.1,1.3,0.0,0.0,0.0,0.0,0.0,0.0,0.0,0.0,11.0,0.2,54.6,0.0,0.0,20.8,5.3,4.6
Pinanga_dicksonii,0.949,0.3,7.6,0.0,8.0,0.0,0.0,18.4,1.2,0.0,0.0,0.0,9.2,7.3,0.0,0.0,15.4,0.0,1.9,25.8,4.9
Hopea_racophloea,0.847,0.0,12.4,0.0,0.0,0.0,0.0,66.9,0.0,0.0,0.0,0.0,0.0,0.0,0.0,0.0,0.0,0.0,0.0,0.0,20.7
Ficus_tsjakela,0.579,0.0,0.0,0.0,15.0,0.0,0.0,0.0,0.0,0.0,0.0,0.0,18.1,29.8,0.0,0.0,0.0,0.0,7.8,26.0,3.4
Diospyros_vera,0.974,0.0,0.0,0.0,13.9,3.2,0.0,4.1,0.0,0.0,0.2,0.0,0.0,31.1,0.0,23.2,9.9,2.1,12.3,0.0,0.0
Ficus_beddomei,0.926,1.4,1.3,3.9,44.9,3.1,0.0,2.8,0.0,0.0,4.4,0.0,0.0,0.0,1.1,0.0,0.0,2.9,5.6,0.0,28.7
Orophea_erythrocarpa,0.81,0.3,4.6,0.0,0.0,0.5,0.0,44.2,0.0,0.0,0.0,0.0,0.6,0.0,0.0,0.0,0.3,0.0,0.0,0.0,49.5
Cleidion_javanicum,0.878,0.0,0.0,3.6,4.9,0.0,0.0,32.9,0.0,0.0,0.0,0.0,0.0,0.0,0.0,3.1,0.0,5.5,0.0,0.0,49.9
Cinnamomum_sulphuratum,0.962,0.0,49.0,0.0,0.0,0.0,0.0,2.6,0.0,0.0,15.9,0.0,0.0,0.0,0.0,0.0,0.0,0.0,0.0,4.7,27.8
Miliusa_nilagirica,0.925,0.0,41.1,2.7,0.0,0.0,0.7,16.3,0.0,17.8,0.0,0.0,0.0,0.0,0.0,0.0,0.0,0.0,0.7,20.7,0.0
Actinodaphne_lanceolata,0.971,0.0,5.7,0.0,0.0,2.9,0.0,0.0,3.1,0.0,0.0,0.0,0.0,0.0,0.0,44.8,0.0,0.4,40.3,2.5,0.2
Macaranga_indica,0.978,0.0,0.0,0.0,33.4,34.6,0.0,15.7,0.0,0.0,0.0,0.0,0.0,0.0,1.7,0.0,0.0,0.0,0.0,4.9,9.7
Cleistanthus_malabaricus,0.994,0.0,0.0,0.0,36.7,0.0,0.0,0.0,0.0,0.0,0.0,0.0,8.0,0.9,0.0,0.0,0.0,0.0,0.0,0.0,54.5
Litsea_wightiana,0.998,0.0,13.1,0.0,0.0,1.3,0.0,6.3,0.0,0.0,0.0,0.0,0.0,0.0,79.0,0.0,0.0,0.0,0.0,0.0,0.3
Terminalia_chebula,0.779,0.0,0.0,1.0,40.2,0.0,0.0,0.0,0.0,0.4,0.0,0.0,0.5,0.6,0.0,15.0,0.0,0.0,9.0,31.4,1.9
Mastixia_arborea,0.926,2.4,7.2,1.5,3.8,0.0,0.5,0.0,0.0,1.2,5.8,1.0,15.3,0.0,0.1,0.0,2.6,0.0,0.3,37.1,21.2
Dillenia_bracteata,0.985,0.0,23.9,0.0,0.0,5.8,0.0,26.4,0.0,2.4,0.0,0.0,1.5,0.0,0.0,0.5,0.0,0.0,0.0,14.0,25.5
Goniothalamus_cardiopetalus,0.923,0.0,20.6,0.0,3.9,2.7,0.0,10.1,0.9,0.1,0.0,0.0,0.0,0.0,0.0,4.0,0.0,0.0,1.0,51.3,5.4
Ailanthus_triphysa,0.73,0.0,0.0,0.0,4.1,0.0,0.0,0.0,21.8,17.7,0.0,0.9,0.0,0.0,16.1,29.1,0.0,0.3,10.0,0.0,0.0
Filicium_decipiens,0.63,0.0,0.0,10.2,0.0,0.0,0.0,0.0,0.0,0.0,0.0,0.5,0.0,0.0,72.9,11.5,0.0,0.0,4.8,0.0,0.0
Ficus_racemosa,0.948,0.0,0.0,0.0,6.1,0.0,0.0,0.0,1.2,0.0,0.1,0.0,0.1,0.0,0.2,85.0,0.0,0.8,0.0,0.0,6.6
Murraya_koenigii,0.833,0.0,0.0,2.3,0.6,0.0,0.0,0.0,11.2,0.0,0.0,0.0,8.3,0.0,42.9,4.9,0.0,0.0,0.0,23.8,5.9
Diospyros_ghatensis,0.944,0.0,0.7,0.3,0.3,0.0,0.0,8.2,0.0,1.8,0.0,3.2,11.1,0.0,0.4,1.5,0.1,8.6,0.0,50.8,13.0
Psychotria_anamallayana,0.96,0.0,11.1,0.0,3.2,4.1,0.0,24.3,0.0,0.0,0.0,0.0,0.0,0.0,54.6,0.0,0.0,0.0,0.1,2.3,0.3
Cryptocarya_wightiana,0.955,0.0,0.0,3.3,3.4,0.0,0.0,0.0,1.0,0.0,0.0,0.5,30.8,20.7,21.2,2.8,0.0,0.0,4.9,3.5,7.8
Clausena_austroindica,0.658,0.0,1.6,0.0,0.0,0.0,0.0,55.1,0.0,0.0,0.0,0.0,0.0,0.0,0.0,0.0,0.0,0.0,0.0,0.0,43.3
Orophea_sivarajanii,0.978,0.0,6.4,0.0,0.3,0.4,0.0,29.8,9.5,0.0,0.0,0.0,0.0,0.0,10.8,0.4,0.0,0.1,0.6,34.5,7.2
Myristica_dactyloides,0.919,0.0,3.5,9.0,0.0,0.0,0.0,0.1,1.2,0.5,11.9,1.4,26.5,0.9,0.7,0.1,0.2,2.8,0.0,37.8,3.1
Mangifera_indica,0.86,0.0,0.1,1.6,0.8,19.3,0.0,0.4,4.6,0.0,5.9,0.1,30.2,14.1,7.1,2.0,0.7,0.0,4.7,2.7,5.7
Chionanthus_courtallensis,0.994,0.0,0.0,0.3,4.0,0.0,0.0,2.8,0.0,0.0,0.0,0.0,0.0,0.0,87.5,5.4,0.0,0.0,0.0,0.0,0.0
Symplocos_cochinchinensis,0.201,0.0,20.6,0.0,5.1,0.0,0.0,0.0,7.9,0.0,0.0,0.0,41.1,6.0,7.4,0.0,0.0,0.0,0.0,0.0,12.0
Diospyros_bourdillonii,0.947,0.0,5.4,1.9,0.0,1.2,5.9,26.3,0.0,0.0,0.0,0.0,0.0,0.0,0.0,0.0,0.0,0.5,0.2,54.6,4.1
Atuna_travancorica,0.665,0.0,0.0,2.3,1.9,0.2,0.0,28.3,0.0,0.0,0.0,0.0,0.0,0.0,0.1,0.0,0.0,64.3,0.0,2.9,0.0
Macaranga_peltata,0.828,0.0,0.9,10.9,0.3,0.0,1.8,7.3,0.0,0.0,0.0,0.0,41.1,4.7,9.1,0.5,3.0,1.5,3.8,7.1,8.0
Meliosma_pinnata,0.851,5.7,0.0,2.1,3.8,27.5,0.0,60.8,0.0,0.0,0.0,0.0,0.0,0.0,0.0,0.0,0.0,0.0,0.0,0.0,0.1
Leea_indica,0.849,0.0,0.1,1.8,0.7,3.1,1.6,1.4,0.1,0.1,2.4,0.2,28.7,4.3,2.9,25.0,1.9,0.0,6.9,11.2,7.6
Psychotria_nigra,0.902,0.0,0.9,20.9,0.0,0.0,3.0,0.0,0.7,0.2,12.4,0.8,29.1,2.0,0.0,1.0,0.2,0.0,0.0,21.1,7.6
Ficus_hispida,0.945,0.0,3.3,0.5,17.2,1.3,0.0,0.0,0.0,0.0,0.0,0.0,0.0,31.3,0.0,4.6,0.0,0.0,38.9,0.6,2.4
Dipterocarpus_indicus,0.937,0.3,0.3,16.4,3.0,0.0,0.1,0.3,1.8,2.3,0.0,2.2,16.3,6.3,0.4,0.0,0.0,2.4,0.4,18.5,29.0
Chassalia_curviflora,0.853,0.0,0.1,0.0,26.6,0.0,0.0,41.9,0.0,0.0,0.0,0.0,0.0,0.0,0.0,0.0,0.0,0.0,0.0,0.0,31.4
Goniothalamus_wightii,0.995,0.0,0.7,0.0,3.0,0.1,0.0,0.0,0.0,0.0,0.0,0.0,0.0,0.5,89.9,5.7,0.1,0.0,0.0,0.0,0.0
Toona_ciliata,0.658,6.7,2.1,0.0,41.1,0.0,1.4,0.0,0.0,0.0,0.0,0.0,4.8,0.0,0.0,0.0,0.0,10.2,23.1,10.7,0.0
Goniothalamus_rhynchantherus,0.942,0.0,0.0,2.8,0.0,0.0,2.6,3.4,0.0,0.0,0.0,1.0,0.0,4.2,51.9,22.1,0.0,0.0,0.3,0.0,11.8
Maesa_indica,0.792,0.0,0.0,0.0,27.2,0.0,0.7,0.0,1.9,0.0,0.0,0.0,57.5,1.8,0.0,0.0,1.3,0.0,1.6,0.0,7.9
Bombax_ceiba,0.398,0.0,0.0,0.0,20.4,0.0,0.0,0.0,0.0,4.9,0.0,0.0,0.0,0.1,46.1,0.8,0.0,0.0,18.8,8.9,0.1
Prismatomeris_tetrandra,0.894,0.0,0.4,0.0,0.0,0.0,0.0,57.2,0.2,0.0,0.0,0.0,0.0,0.4,0.0,0.2,0.0,0.0,0.0,0.0,41.6
Atuna_indica,0.956,0.0,0.0,0.0,0.0,0.0,0.0,47.2,0.3,0.0,0.0,0.0,0.0,0.0,14.9,0.0,0.3,0.3,0.9,7.2,28.8
Syzygium_gardneri,0.875,2.1,1.1,6.4,0.0,1.4,0.0,0.3,0.5,0.0,7.9,0.0,18.4,0.1,3.9,1.3,12.0,1.5,2.3,30.3,10.6
Strombosia_ceylanica,0.886,0.0,9.8,13.1,3.2,0.0,1.5,47.0,0.0,0.0,0.6,0.0,9.1,0.0,0.7,0.5,0.0,0.0,1.7,0.5,12.4
Pterospermum_reticulatum,0.909,0.0,1.0,5.9,0.1,0.0,0.0,11.0,0.3,0.3,0.0,0.0,1.2,0.0,33.6,6.2,0.0,0.7,2.8,8.0,29.0
Homalium_ceylanicum,0.838,0.0,15.6,0.0,0.0,0.0,0.1,1.0,0.0,0.0,0.0,0.4,7.4,11.1,0.1,5.2,0.0,2.3,5.4,50.7,0.7
Holigarna_nigra,0.934,0.6,0.3,0.5,4.8,0.7,0.0,2.4,0.2,0.0,18.4,2.4,23.7,0.4,13.8,0.0,0.0,0.0,0.3,31.2,0.3
Syzygium_laetum,0.905,1.8,0.7,28.5,0.0,0.0,2.2,2.5,9.0,0.0,0.0,2.6,22.6,0.9,0.0,0.0,2.1,0.0,0.9,19.4,6.8
Drypetes_confertiflora,0.937,0.3,0.4,18.8,1.0,1.1,2.7,13.8,0.0,0.0,0.3,0.5,6.2,0.0,0.0,3.0,0.0,0.0,0.0,3.6,48.3
Litsea_keralana,0.902,0.0,3.1,1.1,2.5,0.0,0.0,0.7,0.0,0.2,6.9,0.0,20.8,0.0,1.8,0.0,0.9,0.0,0.1,49.1,12.7
Syzygium_mundagam,0.994,0.0,4.8,2.5,0.0,0.0,0.0,27.9,0.0,0.9,0.5,0.0,6.0,0.0,18.4,5.4,0.0,9.6,0.0,22.1,1.8
Artocarpus_heterophyllus,0.83,0.1,3.1,6.2,4.2,0.2,1.1,0.0,20.5,0.1,0.0,1.4,29.4,0.1,15.9,0.9,0.1,0.7,0.5,15.0,0.6
Diospyros_ridleyi,0.986,0.2,0.0,0.0,15.3,0.0,0.0,0.0,0.0,0.0,0.0,0.0,0.0,62.6,2.3,0.0,0.0,0.0,0.0,6.7,12.9
Mammea_suriga,0.848,0.0,0.0,0.0,3.0,0.0,0.0,0.0,0.0,0.0,0.0,0.0,0.0,1.8,0.1,42.5,4.2,0.0,25.0,0.0,23.3
Hopea_canarensis,0.996,0.0,0.0,1.1,0.0,0.0,0.0,0.0,5.9,0.0,0.5,0.0,0.2,0.0,6.5,0.4,0.0,0.5,1.9,76.0,7.0
Paramignya_monophylla,0.925,0.0,1.1,0.3,8.6,0.2,0.0,0.0,0.0,0.1,0.0,0.0,3.6,5.2,0.7,55.9,3.4,0.0,0.9,11.4,8.6
Dendrocnide_sinuata,0.812,0.2,2.2,0.0,2.8,2.8,0.0,40.1,4.9,0.2,6.2,0.9,0.0,1.9,9.8,0.1,0.2,7.1,4.3,2.9,13.4
Blachia_denudata,0.959,0.0,6.1,0.0,3.5,0.0,0.0,3.7,0.0,0.0,0.0,0.0,2.6,55.8,4.8,0.0,0.0,0.0,9.4,7.3,6.9
Pterospermum_diversifolium,0.767,0.0,0.7,0.0,3.8,0.0,4.4,0.0,0.0,0.8,0.0,13.7,34.9,14.6,0.0,0.0,5.7,0.0,1.6,0.0,19.8
Mallotus_beddomei,0.991,0.0,0.1,0.0,0.0,0.2,0.0,0.0,0.0,0.0,0.0,0.0,0.0,0.0,99.6,0.0,0.0,0.0,0.0,0.0,0.1
Syzygium_caryophyllatum,0.876,0.0,0.0,2.4,2.1,0.0,0.0,0.0,0.0,0.0,0.0,2.8,5.8,20.2,1.5,12.1,4.5,0.0,14.3,11.1,23.3
Hopea_erosa,0.866,0.0,12.4,0.0,0.0,0.0,0.0,61.2,3.0,0.0,0.0,0.0,0.0,0.0,4.3,0.0,0.0,17.2,1.9,0.0,0.0
Polyalthia_coffeoides,0.978,2.8,3.6,0.5,0.0,0.0,0.0,0.1,0.0,3.2,0.0,0.0,10.9,1.0,0.0,0.2,7.2,24.0,0.0,38.4,8.0
Gordonia_obtusa,0.965,2.4,17.7,0.0,0.0,0.0,0.0,8.0,0.0,3.1,0.0,0.0,1.0,0.0,0.0,0.0,0.0,14.1,0.0,53.2,0.6
Garcinia_gummi-gutta,0.869,0.3,18.8,9.9,5.8,0.0,2.1,4.8,10.2,0.0,0.0,0.0,13.5,0.6,0.0,0.0,2.0,0.0,0.7,17.2,14.0
Gomphandra_tetrandra,0.874,0.0,11.8,7.7,0.0,0.0,2.1,0.0,1.4,1.3,0.0,0.7,21.2,0.0,4.3,0.0,0.0,8.9,0.1,31.5,8.8
Heptapleurum_ellipticum,0.995,0.0,2.9,0.0,0.6,0.0,0.0,0.0,0.0,0.0,2.2,0.0,0.0,0.0,0.0,87.8,0.0,0.0,2.2,0.0,4.2
Lepisanthes_erecta,0.871,0.0,0.0,0.0,5.0,22.0,0.0,55.4,5.9,0.0,3.4,0.0,3.7,0.0,0.0,0.0,0.0,0.0,0.0,0.0,4.5
Tetrameles_nudiflora,0.775,0.0,10.3,0.0,29.8,0.0,0.1,0.0,0.0,0.1,0.0,0.0,0.0,0.0,18.8,23.7,0.0,0.0,6.5,0.0,10.7
Drypetes_wightii,0.896,0.0,1.5,2.4,12.1,8.1,0.0,63.5,1.1,0.0,0.0,0.0,0.0,0.0,0.0,0.0,0.0,0.4,0.0,0.0,10.9
Actinodaphne_gullavara,0.959,0.0,0.0,5.9,0.0,0.0,1.3,4.2,8.0,0.0,0.0,1.2,1.1,18.4,31.8,5.5,2.1,0.2,19.2,0.6,0.5
Knema_attenuata,0.84,5.2,4.3,16.3,3.5,2.7,2.7,2.8,0.7,0.0,1.9,2.1,16.4,1.9,0.2,0.3,0.7,0.5,2.3,8.8,26.8
Chukrasia_tabularis,0.904,0.0,7.3,0.0,20.6,3.7,0.0,56.1,0.0,0.0,0.0,0.0,0.0,0.0,0.0,0.0,0.0,0.0,3.4,8.9,0.0
Terminalia_paniculata,0.907,0.1,0.2,0.0,0.4,0.0,0.0,10.1,0.0,2.1,0.9,1.5,1.9,14.8,33.1,2.3,0.3,0.0,25.2,6.2,1.0
Kingiodendron_pinnatum,0.915,0.0,15.2,0.9,0.0,0.0,7.0,60.6,0.0,0.0,0.0,0.3,0.0,0.0,0.8,0.0,2.0,0.0,2.3,7.5,3.4
Diospyros_oocarpa,0.855,0.0,0.2,15.1,1.7,0.0,0.0,0.0,0.0,0.0,0.1,5.2,0.5,29.7,12.3,0.1,13.9,0.0,4.3,1.7,15.2
Tabernaemontana_alternifolia,0.845,0.8,0.0,0.1,3.3,1.4,9.6,7.0,0.0,0.2,0.3,3.1,25.3,0.6,22.3,1.7,0.0,0.2,22.7,1.3,0.1
Mallotus_philippensis,0.789,0.0,0.0,4.6,0.6,10.2,0.0,0.7,0.6,0.0,0.1,0.5,31.6,6.6,3.6,2.9,4.1,0.1,2.9,3.9,26.9
Meyna_laxiflora,0.764,0.0,0.0,1.8,1.1,0.0,0.0,2.3,0.2,0.0,0.0,0.0,0.8,13.8,29.3,22.9,0.4,0.3,0.0,24.0,3.0
Goniothalamus_thwaitesii,0.981,0.0,3.6,0.0,0.0,0.0,0.0,80.0,0.0,0.0,0.0,0.0,0.0,0.0,0.0,0.0,0.0,0.0,0.0,16.4,0.0
Tabernaemontana_gamblei,0.924,2.8,2.9,1.0,6.3,2.6,0.0,19.7,0.0,0.0,0.0,0.0,0.0,0.0,63.0,0.0,0.0,0.0,0.3,1.5,0.0
Cinnamomum_macrocarpum,0.658,0.0,9.5,0.0,13.8,0.0,0.0,17.3,0.0,0.0,0.0,0.0,0.0,0.0,24.3,0.0,0.0,0.0,0.0,0.0,35.0
Euonymus_dichotomus,0.998,0.0,0.1,0.0,0.0,0.0,0.0,0.0,0.0,0.0,0.0,0.0,0.0,3.5,77.5,13.5,1.1,0.0,4.3,0.0,0.0
Erythroxylum_moonii,0.972,0.0,0.6,0.0,37.0,7.7,0.0,41.1,0.0,0.0,0.0,0.0,0.0,0.0,6.4,0.0,0.0,2.9,0.2,4.2,0.0
Litsea_travancorica,0.973,0.0,0.0,9.0,3.9,0.0,0.0,23.0,0.0,0.0,0.0,0.0,0.0,0.5,1.2,3.6,0.0,48.8,0.4,0.0,9.6
Gymnacranthera_canarica,0.924,0.0,0.1,0.0,59.2,0.0,0.0,0.0,0.0,0.0,0.0,14.2,16.2,5.6,0.0,0.0,0.0,0.0,0.0,0.0,4.7
Syzygium_benthamianum,0.995,0.0,1.7,0.4,0.0,1.7,0.0,2.5,0.0,0.0,0.0,0.0,0.0,0.0,54.9,3.7,0.0,35.2,0.0,0.0,0.0
Ficus_callosa,0.697,0.0,0.0,0.0,44.7,0.0,0.1,0.0,0.0,0.0,0.0,0.0,17.5,0.0,2.9,0.0,0.0,0.0,5.4,26.6,2.9
Palaquium_bourdillonii,0.999,0.0,12.0,0.0,0.0,0.0,0.0,0.0,2.4,0.0,0.0,0.0,0.0,0.1,80.5,3.3,0.6,0.0,1.1,0.0,0.0
Mitragyna_tubulosa,0.862,0.0,0.1,7.9,0.0,0.0,0.0,51.5,0.0,0.2,0.0,0.0,0.0,1.1,0.0,0.9,0.4,0.0,0.0,0.0,37.9
Cinnamomum_keralaense,0.265,0.0,4.2,0.0,31.4,25.4,0.0,27.1,0.0,0.0,0.0,0.0,0.0,0.1,0.0,3.6,0.0,0.0,0.0,8.2,0.0
Aporosa_acuminata,0.947,0.0,5.2,4.5,6.1,0.0,0.0,19.0,0.0,0.0,0.0,0.0,0.0,3.7,1.9,5.8,0.0,44.7,0.0,0.0,9.1
Mitragyna_parvifolia,0.943,0.0,74.0,1.2,0.0,0.0,0.0,0.0,0.0,0.0,0.0,0.0,0.0,0.0,0.0,0.0,0.0,0.0,24.8,0.0,0.0
Antiaris_toxicaria,0.899,0.0,7.0,13.3,11.4,0.0,0.0,9.8,0.0,0.0,0.0,0.0,0.0,1.4,0.0,0.0,0.0,0.0,0.1,50.6,6.4
Polyalthia_fragrans,0.939,0.0,0.6,23.2,0.1,0.0,1.2,1.7,0.0,0.0,0.4,0.6,9.6,0.0,4.0,0.3,0.1,0.0,0.0,4.9,53.2
Meteoromyrtus_wynaadensis,0.984,0.0,23.5,1.7,3.8,0.0,0.0,30.3,5.2,0.0,0.0,0.0,0.0,0.0,0.0,0.0,0.0,0.0,0.0,28.6,6.9
Humboldtia_vahliana,0.973,0.8,0.0,12.3,0.0,0.0,30.6,34.7,0.0,0.0,0.0,2.9,0.0,0.6,0.0,0.0,0.0,0.0,0.0,0.0,18.1
Diospyros_candolleana,0.943,0.0,0.6,7.0,1.1,0.1,0.0,0.1,0.0,0.0,0.0,0.0,3.4,0.4,2.3,7.9,45.5,0.4,9.0,2.7,19.6
Memecylon_pseudogracile,0.994,0.0,13.9,0.9,0.0,0.0,0.0,15.4,8.3,5.3,0.0,0.0,5.8,0.0,7.7,5.5,5.6,0.0,0.0,31.7,0.0
Aglaia_edulis,0.931,0.0,0.0,16.6,2.4,0.0,0.4,0.0,14.2,0.0,0.0,0.0,3.8,11.5,7.4,1.1,33.5,0.1,1.7,3.7,3.5
Acrocarpus_fraxinifolius,0.932,0.0,22.4,0.0,0.0,0.0,0.0,0.0,0.0,0.0,0.0,0.0,0.0,0.0,0.0,0.0,0.0,0.0,0.0,73.8,3.8
Eugenia_mooniana,0.92,2.1,1.0,1.3,0.0,0.9,5.0,3.2,14.7,0.0,0.0,0.0,15.1,0.0,35.3,2.0,0.0,6.9,0.0,1.8,10.7
Ligustrum_robustum,0.996,0.0,0.0,0.0,1.0,0.1,0.0,0.0,0.0,0.0,0.0,0.0,0.0,10.8,0.0,80.0,0.0,0.4,2.5,0.0,5.1
Litsea_stocksii,0.891,13.5,0.6,0.0,0.0,0.4,0.0,0.1,0.0,0.0,18.8,0.0,1.8,3.0,7.2,38.7,0.0,6.0,6.4,0.1,3.3
Excoecaria_oppositifolia,0.998,5.4,21.1,6.0,0.1,0.0,0.0,60.2,5.1,0.0,0.0,0.0,0.0,0.0,0.0,0.0,0.9,0.0,0.0,0.0,1.2
Flacourtia_montana,0.819,0.0,1.4,24.4,1.1,0.0,3.1,0.4,0.1,0.3,0.8,0.0,3.8,0.6,13.0,0.0,34.4,2.2,9.7,0.4,4.2
Ficus_exasperata,0.988,0.0,0.0,0.0,32.5,0.0,0.0,37.6,0.0,0.0,0.0,0.0,0.0,0.0,0.0,0.0,0.0,18.4,11.4,0.0,0.0
Hopea_glabra,0.933,0.0,2.2,0.0,54.9,2.7,0.0,29.8,0.0,0.0,0.0,0.0,0.0,0.0,7.2,0.0,0.0,0.0,0.0,3.2,0.0
Holigarna_grahamii,0.926,0.0,0.0,1.8,1.4,0.0,0.2,1.1,0.1,0.0,16.9,4.0,5.6,38.0,3.2,0.2,6.5,2.5,1.2,2.6,14.8
Mappia_nimmoniana,0.998,0.0,0.0,1.2,0.5,0.0,0.0,0.0,0.0,0.0,0.0,0.0,0.0,7.4,0.0,67.9,0.0,1.5,12.5,4.7,4.2
Carissa_carandas,0.968,0.0,0.0,3.3,0.0,0.0,0.0,0.0,0.2,0.0,0.0,0.0,0.0,12.6,0.2,63.7,0.0,0.1,14.6,0.3,4.9
