Species,Test AUC,wc2.1_30s_bio_1_fc,wc2.1_30s_bio_2_fc,wc2.1_30s_bio_3_fc,wc2.1_30s_bio_4_fc,wc2.1_30s_bio_5_fc,wc2.1_30s_bio_6_fc,wc2.1_30s_bio_7_fc,wc2.1_30s_bio_8_fc,wc2.1_30s_bio_9_fc,wc2.1_30s_bio_10_fc,wc2.1_30s_bio_11_fc,wc2.1_30s_bio_12_fc,wc2.1_30s_bio_13_fc,wc2.1_30s_bio_14_fc,wc2.1_30s_bio_15_fc,wc2.1_30s_bio_16_fc,wc2.1_30s_bio_17_fc,wc2.1_30s_bio_18_fc,wc2.1_30s_bio_19_fc,wc2.1_30s_bio_20_fc
Acrocarpus_fraxinifolius,0.901,0.0,13.1,0.0,3.8,0.0,0.0,9.3,0.1,0.0,0.0,0.0,0.0,0.0,0.0,0.0,0.0,0.0,0.0,67.5,6.3
Acronychia_pedunculata,0.97,0.0,1.7,13.1,0.7,0.0,0.4,0.2,0.1,0.0,0.0,0.0,12.7,0.0,61.9,3.9,0.0,2.3,0.0,0.0,3.1
Actephila_excelsa,0.91,0.0,0.0,0.0,3.2,0.0,0.0,0.0,0.0,0.0,0.0,0.0,0.0,29.4,0.0,0.0,0.0,0.0,0.0,0.0,67.4
Actinodaphne_bourdillonii,0.956,0.0,0.1,1.4,4.2,0.0,0.0,2.5,10.9,0.6,0.0,0.8,28.7,2.8,0.5,0.0,6.1,0.0,0.1,24.2,17.0
Actinodaphne_gullavara,0.959,0.0,0.5,5.8,0.2,0.0,0.2,2.5,3.1,0.3,0.0,1.2,0.7,22.2,28.7,4.0,0.2,2.2,26.0,0.6,1.6
Actinodaphne_lanceolata,0.987,0.0,0.0,1.5,0.0,3.7,0.1,0.0,7.1,0.0,6.4,0.0,0.0,8.2,3.2,41.9,0.0,8.3,15.2,1.2,3.0
Actinodaphne_salicina,0.96,0.0,0.0,0.0,48.9,22.0,0.0,0.0,0.2,0.0,1.6,0.0,0.0,0.0,0.4,0.0,0.0,0.0,0.0,0.0,26.9
Actinodaphne_tadulingamii,0.97,1.9,0.0,1.3,13.7,11.7,0.0,46.8,6.6,0.2,7.1,0.0,0.3,0.6,0.0,1.9,0.0,1.4,5.8,0.8,0.0
Actinodaphne_wightiana,0.936,0.0,0.3,15.0,1.1,0.0,7.5,1.3,2.9,0.4,0.0,0.2,16.1,1.8,0.4,0.5,19.8,0.0,1.5,3.0,28.2
Agasthiyamalai_pauciflora,0.999,0.0,0.0,0.0,0.0,0.0,0.0,1.4,2.2,0.0,0.0,0.0,0.5,0.0,73.3,16.6,0.0,0.0,6.0,0.1,0.0
Aglaia_bourdillonii,0.987,0.0,0.0,0.0,0.0,0.0,0.0,0.0,0.0,0.0,0.0,0.0,0.0,0.0,86.7,13.1,0.0,0.0,0.2,0.1,0.0
Aglaia_canarana,0.969,0.0,9.3,3.9,7.6,0.0,0.9,16.0,0.2,0.0,0.5,1.4,12.3,0.4,1.1,0.1,0.0,25.7,0.0,11.1,9.6
Aglaia_edulis,0.947,0.0,1.2,11.5,0.0,0.0,1.0,0.5,10.5,0.1,4.4,0.9,12.0,17.3,6.9,1.1,19.5,0.4,1.6,7.9,3.0
Aglaia_elaeagnoidea,0.913,0.2,1.1,10.8,1.9,0.9,4.8,1.2,0.2,0.0,3.2,1.6,22.5,0.0,6.6,2.6,0.8,0.4,1.4,6.3,33.5
Aglaia_lawii,0.893,0.0,0.6,0.8,1.5,0.0,0.1,0.0,1.8,0.4,0.0,2.0,20.6,7.0,4.1,43.9,3.8,9.5,2.2,0.1,1.6
Aglaia_perviridis,0.96,0.0,9.8,1.0,0.0,0.0,2.9,56.8,0.0,0.0,0.0,0.1,0.5,0.0,0.0,0.0,5.2,3.1,1.3,8.5,10.8
Aglaia_simplicifolia,0.987,6.5,9.3,4.8,0.5,0.0,0.0,0.3,0.0,2.7,0.0,8.7,5.4,0.0,1.0,2.2,1.6,0.1,0.2,56.0,0.6
Aglaia_tomentosa,0.982,0.0,0.0,0.2,22.2,2.4,0.0,31.6,6.3,0.0,7.0,0.0,0.3,0.0,0.0,0.0,0.0,0.8,0.1,7.4,21.8
Agrostistachys_borneensis,0.982,0.0,1.2,0.0,1.0,0.0,0.0,3.0,0.0,5.9,18.1,1.7,12.5,0.0,15.6,0.0,0.7,1.8,0.0,38.5,0.0
Agrostistachys_indica,0.966,0.0,8.1,0.0,0.1,0.0,0.4,0.0,14.9,7.1,0.0,0.0,6.4,1.2,1.5,4.6,0.0,0.4,1.9,52.4,1.0
Aidia_densiflora,0.957,0.0,15.1,0.0,0.0,0.0,0.0,66.6,0.0,0.0,0.0,0.0,0.0,0.0,4.5,0.0,0.0,13.8,0.0,0.0,0.0
Ailanthus_triphysa,0.885,0.0,0.0,0.0,19.6,0.0,0.0,0.0,0.0,0.4,0.0,0.0,0.0,0.0,40.2,23.2,0.0,0.0,16.5,0.0,0.0
Allophylus_cobbe,0.968,0.0,0.3,1.4,0.0,0.0,1.9,7.4,0.0,0.2,0.0,0.0,2.9,19.4,2.5,39.9,0.7,0.7,7.7,13.4,1.8
Alseodaphne_semecarpifolia,0.944,0.0,17.1,11.8,0.9,0.0,0.9,2.3,5.4,0.0,5.3,3.7,8.9,0.0,10.2,6.7,10.2,0.8,10.1,5.6,0.1
Alstonia_scholaris,0.925,0.0,0.5,7.6,0.4,0.0,13.6,0.0,0.0,1.8,0.0,0.2,34.2,2.0,1.8,3.4,16.9,1.4,10.4,4.6,1.3
Anacolosa_densiflora,0.949,0.0,7.0,3.0,0.3,0.0,0.0,43.5,0.0,0.0,0.0,0.0,0.4,0.0,0.0,0.1,0.2,32.8,0.9,0.0,11.9
Ancistrocladus_heyneanus,0.917,0.0,0.0,0.0,0.0,0.0,0.1,0.0,0.0,0.0,0.0,0.0,0.0,0.0,1.5,83.5,0.0,0.0,2.8,12.1,0.0
Antiaris_toxicaria,0.967,0.0,0.0,0.7,0.4,0.0,0.0,0.9,2.7,0.8,0.0,0.0,26.9,0.0,17.3,1.0,0.6,0.0,0.5,31.3,17.0
Antidesma_montanum,0.947,0.0,3.2,16.1,7.1,0.0,1.4,2.2,0.9,2.0,6.6,1.6,23.6,0.3,6.4,0.1,0.1,0.2,1.8,24.6,1.9
Aphanamixis_polystachya,0.92,0.0,7.2,5.4,0.5,0.0,5.2,13.4,6.5,0.0,13.7,6.8,12.6,0.4,0.1,0.3,0.0,0.1,0.1,10.9,16.7
Aphananthe_cuspidata,0.861,0.0,10.0,0.0,40.7,0.0,0.2,0.0,10.1,0.0,4.2,0.0,12.2,0.0,0.0,0.0,0.1,0.0,3.0,10.0,9.5
Apodytes_dimidiata,0.918,0.0,8.6,0.0,10.4,0.0,0.0,48.2,8.9,1.8,0.0,0.0,3.1,0.0,0.5,0.0,0.0,0.0,0.5,16.0,2.0
Aporosa_acuminata,0.991,0.0,0.1,8.2,0.0,0.7,0.4,5.2,0.0,1.5,0.0,0.3,6.7,0.0,35.1,0.0,0.0,28.9,0.0,0.3,12.6
Aporosa_bourdillonii,0.993,0.0,0.1,24.3,0.0,0.0,38.2,6.4,0.0,4.4,0.0,0.0,0.0,0.9,4.2,0.0,0.0,0.0,6.6,0.0,14.9
Aporosa_cardiosperma,0.94,0.0,0.0,14.9,0.2,0.2,2.2,0.3,0.0,0.0,0.3,0.9,16.3,6.8,20.5,1.6,7.6,1.3,19.4,3.2,4.3
Archidendron_bigeminum,0.953,0.3,2.4,11.7,5.3,0.0,0.0,0.0,0.0,0.0,0.0,1.2,7.3,2.1,2.8,0.6,0.0,1.3,0.4,42.1,22.5
Ardisia_missionis,0.983,0.0,0.0,0.0,0.4,0.0,0.0,0.0,0.0,0.0,0.0,0.0,0.0,0.0,0.0,0.0,0.0,0.0,0.0,92.3,7.2
Ardisia_pauciflora,0.964,0.0,4.5,0.0,0.1,0.0,0.0,0.8,0.0,1.6,23.9,2.9,14.5,0.0,0.6,0.0,0.0,1.6,0.0,49.4,0.2
Ardisia_rhomboidea,0.981,0.0,0.4,0.9,0.0,0.5,0.0,0.0,0.0,0.0,0.4,2.6,0.1,0.0,67.4,23.4,0.1,4.2,0.0,0.1,0.0
Ardisia_solanacea,0.936,0.0,4.1,0.0,2.3,0.2,0.0,2.0,0.0,0.0,0.0,0.0,0.0,36.4,11.5,10.7,0.0,0.1,31.2,1.4,0.0
Ardisia_stonei,0.971,0.0,1.2,0.0,51.8,20.3,0.0,0.0,0.0,0.0,0.0,0.0,0.0,0.0,0.0,0.0,0.0,0.0,0.0,6.0,20.6
Arenga_wightii,0.97,0.0,0.0,11.8,15.9,0.0,0.0,8.9,2.7,0.0,0.2,0.2,0.0,1.7,0.0,1.7,22.4,0.0,1.8,13.7,19.0
Artocarpus_gomezianus,0.932,0.1,0.0,15.5,0.4,0.0,0.6,0.4,0.0,1.7,0.0,0.0,20.5,0.0,17.1,1.3,0.8,0.2,14.5,6.4,20.4
Artocarpus_heterophyllus,0.898,3.7,2.9,7.0,1.9,0.4,2.9,0.1,0.1,0.0,5.4,3.7,44.0,0.8,11.4,1.7,0.1,0.1,1.0,9.2,3.3
Artocarpus_hirsutus,0.916,0.0,0.0,12.2,0.2,2.9,5.7,0.0,0.0,0.7,2.1,0.5,24.2,0.9,1.6,4.7,20.6,5.0,3.6,4.2,11.0
Atalantia_racemosa,0.937,0.0,0.7,0.5,0.0,0.0,0.0,0.3,0.6,0.0,0.0,0.1,14.0,19.6,0.1,35.5,0.0,1.7,3.1,1.2,22.7
Atalantia_wightii,0.907,0.0,3.7,29.9,0.8,0.0,0.0,8.4,5.8,0.1,0.3,0.1,20.7,1.1,0.4,1.6,0.0,0.1,0.1,1.5,25.5
Atuna_indica,0.973,0.0,0.1,0.0,0.1,0.0,0.0,40.6,0.5,0.0,0.0,0.0,0.3,0.0,15.0,0.0,1.0,0.3,1.2,11.8,29.1
Atuna_travancorica,0.912,0.0,7.0,0.0,0.0,4.3,0.0,73.9,0.0,0.0,0.0,0.0,0.0,0.0,0.0,0.0,0.0,14.7,0.1,0.0,0.0
Baccaurea_courtallensis,0.974,0.0,0.5,5.3,0.5,0.0,1.1,1.5,0.1,0.0,0.0,1.5,0.2,0.0,0.3,0.4,1.0,5.8,14.5,44.8,22.5
Beddomea_indica,0.995,0.0,0.0,9.3,0.0,0.0,0.0,39.7,4.2,0.0,0.0,0.0,0.6,0.0,12.1,0.1,0.0,4.0,0.1,11.6,18.2
Beilschmiedia_dalzellii,0.897,1.4,1.5,1.7,1.7,0.1,3.0,5.8,1.5,0.0,1.9,2.5,2.8,14.3,1.0,1.1,34.1,0.7,8.1,2.2,14.8
Beilschmiedia_wightii,0.979,0.0,0.2,0.1,0.6,0.0,0.0,0.5,15.0,6.9,0.0,0.1,34.0,0.0,3.5,2.5,2.0,0.0,0.0,29.6,5.0
Bhesa_indica,0.975,1.0,2.0,1.9,8.8,37.1,0.0,0.2,0.0,0.0,0.0,0.0,0.0,0.0,45.7,0.0,0.0,2.3,0.2,0.6,0.0
Bischofia_javanica,0.937,0.0,2.2,3.4,1.4,0.0,7.4,0.0,6.4,1.8,6.9,0.1,0.0,0.2,3.0,3.3,23.2,0.1,1.1,36.0,3.7
Blachia_calycina,1.0,0.0,0.0,0.0,1.1,0.0,7.0,3.9,0.1,0.0,1.1,0.0,0.0,2.2,17.4,0.1,20.6,5.5,2.2,29.6,9.3
Blachia_denudata,0.955,0.0,0.6,3.2,0.9,0.0,0.0,0.7,0.0,0.0,0.0,0.0,0.5,4.1,1.0,16.0,41.5,0.8,11.4,6.5,12.8
Blepharistemma_serratum,0.948,0.0,7.2,0.0,0.1,0.8,2.8,43.2,0.0,0.0,0.0,0.0,0.0,0.0,0.1,0.0,0.0,0.0,3.5,7.1,35.2
Bombax_ceiba,0.926,0.0,0.3,0.0,0.0,0.0,6.8,0.0,0.0,3.3,0.0,2.1,22.8,0.1,24.8,7.5,0.0,0.1,22.1,6.7,3.3
Bridelia_stipularis,0.978,0.0,0.0,0.7,3.5,0.0,0.0,0.0,0.0,0.0,0.0,0.0,0.0,4.0,1.1,55.9,0.0,0.0,29.0,4.6,1.3
Callicarpa_tomentosa,0.909,0.0,0.6,8.9,0.1,0.0,5.2,0.0,0.4,0.0,0.0,0.0,24.8,7.7,1.6,1.4,28.2,0.0,10.2,4.7,6.1
Calophyllum_apetalum,0.975,1.7,0.0,12.1,7.3,0.0,0.0,0.8,6.9,0.0,5.2,0.7,0.0,34.1,4.4,0.0,3.3,0.0,1.0,12.0,10.4
Calophyllum_austroindicum,0.971,0.0,26.5,0.0,2.3,15.5,0.0,26.6,0.0,0.0,6.6,0.0,0.0,0.0,21.5,0.0,0.0,0.0,1.1,0.0,0.0
Calophyllum_tomentosum,0.948,0.0,0.1,27.1,0.6,0.2,0.4,0.4,0.0,0.8,0.7,5.0,14.0,0.2,0.1,0.0,0.1,1.4,0.1,12.4,36.4
Canarium_strictum,0.944,0.0,0.4,14.4,1.4,0.0,3.8,5.3,0.5,0.1,3.9,0.0,22.5,7.4,10.0,1.2,0.1,0.4,2.3,11.8,14.4
Canthium_rheedei,0.986,0.0,1.2,5.7,0.0,0.0,0.0,0.6,0.0,0.0,0.0,0.0,0.0,10.4,0.0,45.6,0.0,0.0,24.0,5.1,7.4
Capparis_baducca,0.943,0.0,18.5,0.0,28.9,0.0,0.0,0.0,0.0,0.2,0.0,1.9,0.0,0.0,0.0,0.0,0.0,0.0,0.0,11.7,38.8
Capparis_rotundifolia,0.964,0.0,0.0,0.0,0.0,0.0,0.0,0.0,0.0,0.0,0.0,0.0,0.0,0.0,1.6,61.3,0.0,0.0,0.0,10.3,26.8
Carallia_brachiata,0.899,0.0,0.3,0.0,7.5,0.0,0.5,3.7,1.7,0.1,0.0,0.0,6.3,0.0,0.0,0.6,63.9,1.0,3.1,3.3,8.0
Carissa_carandas,0.978,0.0,0.0,2.0,0.0,0.0,0.0,1.4,0.1,0.0,0.0,0.3,0.1,14.0,0.1,63.1,0.0,0.0,11.9,2.6,4.3
Carissa_spinarum,0.933,0.0,0.0,0.0,0.0,0.0,0.0,0.0,0.0,0.0,0.0,0.0,0.0,0.0,5.5,93.4,0.0,0.0,0.0,1.1,0.0
Caryota_urens,0.862,0.0,0.0,6.3,0.6,0.0,0.0,0.3,0.0,0.0,0.0,1.0,35.4,6.7,2.4,1.8,7.9,0.0,4.7,0.8,32.1
Casearia_ovata,0.891,0.3,5.0,6.7,10.4,4.4,5.9,0.5,4.3,0.0,1.1,0.0,43.4,1.8,2.0,0.3,2.7,0.6,1.4,1.3,8.1
Casearia_rubescens,0.962,2.4,2.7,2.0,0.0,6.1,4.0,9.9,8.5,0.0,22.2,0.7,18.7,0.0,5.8,4.8,0.6,0.0,1.7,9.0,0.9
Casearia_wynadensis,0.99,0.0,0.0,2.2,0.0,0.0,0.4,2.0,5.5,3.6,0.0,7.2,8.9,0.2,2.5,2.7,11.5,4.7,0.0,47.0,1.4
Cassine_paniculata,0.922,0.0,0.1,0.0,0.0,0.0,0.5,0.0,16.1,0.0,0.0,0.0,13.2,0.0,0.0,0.0,0.0,0.0,0.0,11.1,59.0
Celtis_philippensis,0.948,0.0,0.0,12.5,0.1,0.0,0.0,0.0,0.2,0.3,0.0,0.0,5.0,20.2,14.1,2.1,26.3,0.5,14.9,3.9,0.0
Celtis_timorensis,0.657,0.0,0.0,0.0,0.0,0.0,0.0,0.0,0.0,0.0,0.0,0.0,0.0,0.0,0.0,0.0,0.0,0.0,0.0,19.0,81.0
Chassalia_curviflora,0.925,0.0,0.5,0.0,0.0,0.0,0.0,58.1,0.0,0.0,0.0,0.0,0.0,0.0,0.0,0.0,0.0,0.0,0.0,0.0,41.4
Chionanthus_courtallensis,0.985,0.0,0.0,1.4,5.4,0.0,0.0,3.2,0.0,0.0,0.0,0.0,0.0,0.0,86.7,3.4,0.0,0.0,0.0,0.0,0.0
Chionanthus_mala-elengi,0.902,0.0,0.0,0.0,0.0,0.0,0.0,0.0,0.0,0.0,0.0,0.0,0.0,0.0,0.0,55.2,0.0,0.0,1.5,43.2,0.0
Chionanthus_ramiflorus,0.968,12.3,6.8,1.3,0.1,0.0,0.0,0.1,0.0,3.7,0.0,0.0,3.7,1.3,0.8,1.1,0.0,2.4,0.0,61.2,5.2
Chrysophyllum_flexuosum,0.816,0.0,0.0,0.0,17.0,0.0,0.0,0.0,0.0,0.2,0.0,0.0,7.0,12.6,0.0,0.0,42.1,0.0,7.2,4.4,9.5
Chukrasia_tabularis,0.864,0.0,31.5,0.0,0.0,0.0,0.0,0.0,0.0,0.0,0.0,0.0,0.3,0.0,40.2,0.0,0.0,0.0,0.0,21.7,6.4
Cinnamomum_cassia,0.829,0.0,0.0,0.0,0.0,0.0,3.2,0.0,0.0,0.0,0.0,0.0,0.0,0.0,0.0,0.0,0.0,0.0,0.0,2.9,93.9
Cinnamomum_filipedicellatum,0.985,0.2,8.2,0.0,0.0,0.0,0.0,0.8,0.0,0.0,5.2,0.0,1.6,0.0,51.9,0.5,0.0,12.5,0.0,17.2,1.9
Cinnamomum_keralaense,0.891,0.0,1.8,0.0,34.3,36.5,0.0,27.3,0.0,0.0,0.0,0.0,0.0,0.0,0.0,0.0,0.0,0.0,0.0,0.0,0.1
Cinnamomum_macrocarpum,0.928,0.0,0.4,2.5,27.4,0.0,0.0,16.8,0.0,0.0,0.0,0.0,0.0,0.0,52.4,0.0,0.0,0.0,0.0,0.0,0.5
Cinnamomum_malabatrum,0.901,0.6,2.4,8.0,1.9,11.7,0.6,2.4,4.7,1.3,1.7,1.9,26.7,1.1,7.3,0.9,2.8,3.6,2.5,9.7,8.2
Cinnamomum_sulphuratum,0.848,0.0,19.5,0.0,0.0,0.0,0.0,0.0,0.0,0.0,13.8,0.0,0.0,0.0,0.0,0.0,0.0,0.0,0.0,52.4,14.4
Cinnamomum_verum,0.94,0.0,1.5,0.8,2.5,0.0,0.0,0.3,0.0,0.0,0.0,0.2,4.0,60.5,0.1,2.2,0.1,0.7,16.7,7.6,3.0
Clausena_anisata,0.957,4.2,2.1,15.1,0.4,0.0,4.5,0.0,15.6,0.0,0.0,0.1,20.4,3.6,2.2,0.0,31.6,0.0,0.0,0.0,0.2
Clausena_austroindica,0.909,0.0,3.0,0.0,0.0,0.0,0.0,97.0,0.0,0.0,0.0,0.0,0.0,0.0,0.0,0.0,0.0,0.0,0.0,0.0,0.0
Clausena_indica,0.95,4.3,1.2,4.7,2.9,0.0,5.1,1.7,16.1,0.0,0.0,2.6,19.9,8.0,5.6,0.0,1.9,0.1,0.1,18.5,7.3
Cleidion_javanicum,0.92,0.0,5.4,1.3,4.4,0.0,0.0,36.4,0.0,0.0,0.0,0.0,0.0,0.0,0.0,1.0,0.0,5.5,0.4,0.0,45.5
Cleistanthus_malabaricus,0.935,0.0,0.1,0.0,20.3,0.0,0.0,0.0,0.0,0.0,0.0,0.0,26.8,0.2,0.0,0.0,7.9,0.0,0.0,0.0,44.7
Cleistanthus_travancorensis,0.971,0.0,0.0,1.1,0.2,0.7,0.0,0.0,14.4,1.8,0.0,0.0,0.6,0.0,1.2,0.0,0.0,0.0,1.7,78.0,0.4
Clerodendrum_infortunatum,0.93,0.0,0.0,7.2,3.7,0.0,5.7,0.8,5.4,0.0,0.0,0.4,21.5,0.1,24.1,5.5,0.0,0.7,6.2,7.1,11.6
Coffea_wightiana,0.998,0.0,5.3,1.8,0.0,0.0,0.0,0.0,0.0,0.0,0.0,0.0,0.0,0.0,90.3,0.6,0.0,0.0,0.0,0.0,2.0
Connarus_wightii,0.985,0.0,0.0,0.0,5.2,0.0,0.0,0.0,0.0,0.0,0.0,0.0,0.0,16.6,0.0,39.1,0.2,0.0,36.6,0.0,2.3
Croton_gibsonianus,0.965,0.0,6.3,0.0,0.0,0.0,0.0,0.0,8.0,0.0,0.0,0.0,0.0,0.0,31.1,0.0,0.0,0.0,0.0,54.5,0.0
Croton_laccifer,0.987,2.6,0.0,0.9,3.6,2.6,0.0,0.0,0.0,0.6,10.9,3.8,0.0,0.3,2.3,19.5,0.0,0.0,0.0,0.3,52.5
Croton_malabaricus,0.964,0.0,0.4,5.6,0.2,0.1,0.9,0.0,0.0,4.2,0.0,0.2,8.9,0.0,10.8,0.7,0.1,10.0,4.5,37.7,15.7
Croton_zeylanicus,0.903,0.0,16.0,0.0,0.0,0.0,0.0,0.0,0.0,10.8,0.0,2.7,4.4,0.2,52.9,0.0,0.9,0.2,1.4,0.0,10.3
Cryptocarya_anamalayana,0.972,2.2,0.0,4.0,1.9,0.1,0.0,0.2,0.1,0.1,10.9,1.7,18.9,0.0,0.7,0.0,0.0,8.2,0.2,46.2,4.9
Cryptocarya_beddomei,0.972,0.0,1.1,6.4,1.9,0.0,0.0,1.2,0.1,0.0,0.0,1.2,19.8,0.0,2.8,2.8,4.0,1.0,0.0,53.1,4.9
Cryptocarya_lawsonii,0.951,0.0,2.5,1.9,0.0,0.8,0.2,7.3,1.1,2.3,24.7,0.0,21.6,1.1,0.6,0.1,0.6,0.6,0.7,22.0,11.9
Cryptocarya_stocksii,0.994,2.1,4.0,9.0,2.3,0.0,0.0,8.8,15.6,2.3,4.4,0.0,5.8,2.6,8.5,0.9,2.8,5.8,0.0,19.6,5.6
Cryptocarya_wightiana,0.931,0.0,1.7,3.4,0.5,0.0,0.0,0.0,0.0,0.0,0.1,0.7,34.8,8.9,15.8,2.1,13.9,0.5,4.7,9.2,3.8
Cyathocalyx_zeylanicus,0.985,0.0,0.8,7.9,0.0,0.0,3.0,4.2,0.0,0.0,0.0,2.0,0.2,0.2,1.5,0.0,0.0,7.1,2.5,36.7,33.9
Cynometra_travancorica,0.956,0.0,16.6,0.0,0.0,0.0,0.0,38.5,0.0,0.0,0.0,0.0,0.0,0.0,0.0,0.0,0.0,0.0,0.2,17.8,26.8
Daphniphyllum_neilgherrense,0.984,0.0,0.0,0.0,0.0,19.5,0.0,24.6,21.2,0.0,12.2,4.3,0.6,0.0,0.0,0.0,0.0,0.2,0.2,0.0,17.2
Dendrocnide_sinuata,0.993,4.6,0.0,5.9,0.0,0.0,0.0,1.7,7.2,0.5,0.0,7.9,4.7,4.2,5.5,0.0,11.3,5.1,0.0,26.9,14.6
Dichapetalum_gelonioides,0.931,0.0,1.4,13.7,3.2,4.1,2.9,2.1,0.0,0.4,1.2,0.2,17.2,6.4,0.5,3.8,0.1,1.2,0.8,13.5,27.1
Dillenia_bracteata,0.994,0.0,12.6,0.0,0.3,0.0,0.0,22.1,0.0,8.5,5.0,0.0,5.8,0.0,0.0,4.7,5.0,0.0,0.5,20.4,15.0
Dimocarpus_longan,0.919,0.0,0.5,5.0,2.1,15.2,3.7,2.2,0.4,2.4,0.0,0.8,27.5,3.4,3.7,1.8,2.1,5.9,4.5,6.8,11.9
Dimorphocalyx_beddomei,0.986,2.9,2.8,7.5,0.0,0.0,2.8,0.6,0.2,2.2,0.0,5.3,0.6,0.0,6.3,0.8,0.0,0.0,0.4,45.7,22.0
Dimorphocalyx_glabellus,0.933,0.0,0.1,0.0,0.0,0.2,0.0,0.0,0.0,0.0,0.0,0.0,0.0,3.3,1.4,69.2,0.0,1.9,4.3,12.4,7.1
Diospyros_barberi,0.996,0.0,1.3,0.4,0.0,0.0,0.0,3.3,0.0,0.0,0.0,0.0,0.0,0.0,65.2,12.6,0.0,0.0,0.0,0.0,17.1
Diospyros_bourdillonii,0.971,0.0,6.0,3.6,0.0,0.2,5.5,10.6,0.0,2.2,0.0,0.0,0.0,0.0,0.2,0.3,0.0,5.4,0.2,56.9,9.0
Diospyros_buxifolia,0.943,0.0,9.1,15.5,1.6,0.0,4.8,9.5,0.0,1.0,0.0,0.4,5.4,1.5,4.6,0.3,0.0,0.4,3.4,9.8,32.8
Diospyros_candolleana,0.956,0.6,2.1,6.0,3.3,1.4,1.4,1.7,0.0,0.0,0.1,1.6,1.7,4.7,0.0,7.3,39.1,0.5,9.2,4.7,14.5
Diospyros_crumenata,0.961,0.0,0.0,1.0,2.3,0.0,0.0,0.7,0.0,0.0,0.0,2.2,0.0,64.3,4.2,0.0,2.1,8.0,9.4,0.0,5.7
Diospyros_ebenum,0.961,0.0,0.9,2.2,0.8,0.0,5.8,0.8,0.0,2.1,0.0,0.3,0.7,0.0,7.9,2.5,0.1,0.0,2.8,26.3,46.8
Diospyros_ferrea,0.978,0.0,0.2,2.2,1.8,1.8,0.0,0.4,0.0,0.0,2.6,0.0,0.0,29.5,0.5,46.9,2.2,0.2,8.0,1.4,2.4
Diospyros_ghatensis,0.97,0.0,2.0,1.3,0.2,0.0,6.2,7.5,0.2,0.0,0.0,1.5,6.4,0.0,0.1,5.3,0.0,5.0,0.0,57.9,6.2
Diospyros_insignis,0.983,0.0,1.0,0.0,0.0,0.0,0.0,29.2,0.0,0.0,0.0,0.0,0.0,0.0,0.0,0.0,0.0,54.1,0.0,2.1,13.6
Diospyros_kedam,0.999,0.0,14.0,0.0,0.0,0.0,1.3,15.2,11.0,1.4,0.1,0.0,5.8,0.0,6.5,7.8,6.8,0.0,0.2,19.4,10.5
Diospyros_malabarica,0.852,0.0,0.0,0.0,0.0,0.0,3.5,0.0,0.0,0.0,0.0,0.0,4.0,0.0,77.3,0.0,0.0,0.0,0.0,4.7,10.5
Diospyros_montana,0.927,0.0,2.9,1.8,0.0,0.0,15.0,5.9,0.3,0.1,0.0,0.1,22.6,2.1,8.4,2.4,0.0,0.1,34.4,0.0,3.9
Diospyros_nilagirica,0.928,0.0,4.9,0.0,0.0,0.0,0.0,74.8,0.7,0.0,0.0,0.0,0.0,0.0,0.0,0.0,0.7,0.0,1.0,11.8,6.1
Diospyros_oocarpa,0.928,0.0,0.6,16.8,0.1,0.1,0.0,0.0,0.0,0.0,0.4,5.0,6.7,3.3,4.2,0.0,30.5,0.1,5.3,5.8,20.9
Diospyros_paniculata,0.948,0.0,11.1,19.8,0.4,0.0,0.0,0.0,0.0,0.1,0.5,0.7,12.3,3.6,0.0,3.8,5.7,2.3,0.3,7.6,31.8
Diospyros_pruriens,0.986,0.0,2.6,19.3,1.8,0.0,5.3,1.0,18.7,0.0,0.0,0.0,0.0,0.0,1.0,0.0,28.4,4.6,0.1,11.2,6.0
Diospyros_ridleyi,0.979,0.0,0.0,0.0,14.0,0.0,0.0,0.0,0.1,0.0,0.0,0.0,0.0,67.9,2.6,1.2,0.0,0.0,0.0,0.2,14.0
Diospyros_saldanhae,0.973,0.0,0.7,28.2,0.0,0.0,3.5,0.4,0.1,0.4,0.0,0.0,0.0,0.3,0.6,0.0,35.6,1.0,5.7,6.9,16.5
Diospyros_sylvatica,0.923,0.0,0.7,6.0,0.0,0.0,3.8,0.0,20.7,0.0,0.0,2.1,38.2,1.1,5.0,1.1,0.6,2.8,2.2,13.9,1.8
Diploclisia_glaucescens,0.924,0.0,0.0,0.0,0.0,0.0,0.3,0.0,0.0,0.0,0.0,1.8,0.0,3.5,0.2,87.8,0.0,0.0,6.5,0.0,0.0
Dipterocarpus_bourdillonii,0.918,0.0,0.1,0.0,0.0,0.0,0.0,78.2,0.0,0.0,0.0,0.0,0.0,0.0,0.0,0.0,0.0,19.4,0.0,0.0,2.3
Dipterocarpus_indicus,0.966,0.0,0.3,17.7,0.2,0.0,2.8,2.1,2.9,0.1,0.0,0.7,8.7,0.1,1.4,0.0,9.2,6.0,0.2,20.0,27.6
Discospermum_apiocarpum,0.908,0.0,2.9,0.0,16.6,0.0,0.0,0.0,0.0,0.0,0.0,0.0,0.0,0.0,0.0,0.0,0.0,0.0,0.0,77.9,2.6
Discospermum_sphaerocarpum,0.977,1.0,1.3,0.8,0.0,1.8,0.0,5.6,0.0,0.0,22.6,4.1,0.1,0.1,15.5,0.1,0.0,0.1,0.1,43.9,3.0
Donella_lanceolata,0.928,0.0,2.6,2.0,4.8,0.0,2.9,0.0,2.2,0.6,0.0,0.8,10.5,0.5,0.5,0.0,0.0,0.2,0.3,49.8,22.2
Dracaena_elliptica,0.98,0.0,0.0,5.3,5.3,0.0,0.0,39.3,0.0,0.0,0.0,0.0,0.0,0.0,27.3,2.0,0.0,0.0,0.3,3.3,17.2
Drypetes_confertiflora,0.938,0.2,0.8,19.2,0.2,0.0,7.5,12.6,0.0,0.1,0.0,1.1,2.2,0.0,0.0,3.2,1.1,0.6,0.0,6.0,45.0
Drypetes_malabarica,0.96,0.0,8.5,0.6,0.0,0.0,0.0,54.0,0.0,0.0,0.0,8.7,0.0,0.0,0.0,0.4,0.0,13.9,1.2,7.7,5.1
Drypetes_oblongifolia,0.968,1.4,0.9,12.2,0.9,0.2,0.0,0.3,0.1,0.0,0.8,1.9,7.2,0.4,10.7,0.1,0.0,17.7,0.3,36.0,9.0
Drypetes_venusta,0.944,0.0,2.8,1.4,0.4,0.0,4.1,2.4,0.5,0.9,0.0,0.0,34.6,0.0,15.3,0.9,2.8,3.4,3.9,2.9,23.7
Drypetes_wightii,0.918,0.0,2.6,0.0,11.1,3.8,0.0,66.1,4.5,0.0,4.5,0.0,0.0,0.0,1.3,1.2,0.1,3.9,0.0,0.0,1.0
Durio_exarillatus,0.98,0.0,1.0,2.3,0.1,0.3,0.0,0.9,0.0,0.6,11.5,4.6,18.7,0.0,42.8,0.1,0.0,16.1,0.0,1.1,0.0
Dysoxylum_gotadhora,0.915,0.0,0.8,0.0,0.0,0.5,0.0,0.0,0.2,0.2,8.7,0.0,14.2,0.0,0.0,48.4,0.0,7.8,0.8,0.6,17.9
Dysoxylum_malabaricum,0.91,0.0,1.5,17.4,0.2,0.0,7.0,14.6,0.0,1.5,2.9,0.2,24.5,0.0,1.0,0.0,0.3,0.3,2.8,6.5,19.4
Ehretia_aspera,0.992,0.0,0.0,1.0,6.7,0.0,0.0,0.0,0.0,0.0,0.0,11.7,0.0,0.0,6.0,8.5,2.7,0.0,28.6,9.8,25.0
Elaeagnus_conferta,0.905,0.0,0.8,0.0,0.0,0.0,0.0,0.0,0.0,0.0,0.0,0.0,0.0,0.0,0.0,78.9,0.0,0.0,7.5,12.7,0.1
Elaeocarpus_munroii,0.967,3.5,12.6,0.0,0.0,5.5,0.0,10.4,5.5,2.6,10.9,6.6,0.4,0.0,11.9,0.0,0.0,0.0,0.0,30.2,0.0
Elaeocarpus_serratus,0.945,0.0,4.4,17.5,0.1,0.0,4.8,0.0,1.3,0.0,0.0,0.2,24.7,3.0,6.6,0.8,5.5,0.7,1.7,4.4,24.4
Elaeocarpus_tuberculatus,0.961,7.5,3.4,3.6,4.1,0.0,1.0,0.0,0.0,0.0,0.0,1.3,31.4,0.0,0.9,0.8,1.2,0.0,0.2,39.1,5.5
Elaeocarpus_variabilis,0.86,0.0,0.0,0.0,44.8,0.0,0.0,0.0,7.3,0.0,26.8,0.0,10.8,0.0,0.0,0.0,0.0,0.0,0.0,0.0,10.3
Elaeocarpus_venustus,0.995,0.0,0.0,2.7,0.0,0.4,0.0,0.0,0.0,0.5,0.0,0.0,0.0,0.0,81.7,13.9,0.0,0.5,0.0,0.3,0.0
Elaeodendron_paniculatum,0.988,0.0,0.0,2.1,0.4,1.7,0.0,0.0,1.8,0.0,0.0,0.0,0.4,0.0,0.0,49.7,0.0,0.0,40.5,3.4,0.1
Embelia_drupacea,0.966,0.0,0.0,0.0,0.0,0.0,0.0,0.0,0.0,0.0,0.0,0.0,0.0,0.0,1.5,60.5,0.0,0.0,0.0,9.4,28.6
Entada_rheedei,0.993,0.0,0.0,0.0,0.0,0.0,0.0,0.0,0.0,0.2,0.0,8.5,0.0,6.2,0.0,11.7,7.5,0.0,35.6,4.5,25.7
Epiprinus_mallotiformis,0.984,0.0,5.7,10.3,0.3,0.0,0.0,2.9,0.1,2.3,15.9,2.5,3.6,0.0,19.0,0.2,0.0,0.3,0.2,36.1,0.6
Erythroxylum_moonii,0.971,0.0,7.8,1.7,19.2,8.6,0.0,18.4,0.0,0.0,0.0,0.0,0.0,0.0,39.6,0.0,0.0,1.1,0.1,2.3,1.2
Eugenia_codyensis,0.981,0.0,10.6,0.0,0.0,0.0,0.0,8.7,19.2,0.8,0.0,0.0,0.0,0.0,13.5,0.0,0.0,0.2,0.1,47.0,0.0
Eugenia_kalamii,0.895,0.0,0.5,0.0,7.0,0.0,0.0,0.0,0.0,0.0,0.0,0.0,0.0,50.7,0.0,18.7,0.7,0.0,12.0,0.0,10.5
Eugenia_macrocalyx,0.988,0.0,0.5,5.1,0.5,0.0,0.0,0.4,0.0,0.0,0.0,0.0,1.8,5.7,4.3,0.4,58.8,0.6,2.3,3.5,15.9
Eugenia_mooniana,0.957,0.0,11.4,2.7,3.0,0.5,2.3,0.1,3.6,0.0,14.9,0.0,18.0,0.2,31.1,1.2,0.0,6.2,0.0,2.5,2.5
Eugenia_singampattiana,0.999,0.0,15.1,1.7,0.3,0.0,0.0,0.0,0.0,0.0,0.0,0.0,0.0,0.0,82.3,0.7,0.0,0.0,0.0,0.0,0.0
Euonymus_angulatus,0.98,0.2,0.0,1.1,20.7,20.3,0.0,11.4,12.6,1.2,0.0,0.0,6.4,0.0,5.1,0.0,0.0,4.9,0.2,0.0,16.1
Euonymus_dichotomus,0.96,0.0,0.0,0.6,0.0,0.0,0.0,0.0,0.0,0.0,0.0,0.0,0.0,2.5,92.7,2.3,0.0,0.0,1.8,0.0,0.0
Euonymus_indicus,0.924,0.0,3.9,9.0,5.9,10.1,0.7,5.5,0.0,2.1,3.7,0.0,28.1,4.2,1.6,1.3,0.0,1.6,0.4,19.8,1.9
Eurya_nitida,0.988,7.1,14.5,0.0,0.0,16.4,0.0,19.6,11.4,5.6,5.2,0.0,10.3,0.0,0.0,0.0,0.0,0.0,0.0,9.8,0.0
Excoecaria_oppositifolia,0.949,6.7,31.9,3.8,0.0,0.6,0.0,26.3,1.9,0.0,0.0,0.0,0.0,0.4,26.1,0.0,1.4,1.0,0.0,0.0,0.0
Falconeria_insignis,0.877,0.0,3.9,0.0,0.0,0.0,0.0,0.0,0.0,0.0,0.0,3.5,0.0,0.0,11.7,53.7,0.0,15.3,9.7,0.0,2.2
Ficus_beddomei,0.969,1.9,1.3,3.1,10.3,6.7,0.0,30.0,0.3,0.4,4.4,0.0,0.0,0.0,1.7,0.0,0.0,4.4,5.0,3.1,27.5
Ficus_callosa,0.957,0.0,0.0,17.8,0.3,0.0,0.0,0.0,1.9,1.4,0.0,0.0,27.7,3.5,23.4,2.7,0.9,0.0,9.6,7.9,2.8
Ficus_exasperata,0.818,0.0,0.0,0.0,0.0,0.0,0.0,0.0,0.0,0.0,0.0,41.6,12.7,0.0,0.0,0.0,16.3,28.7,0.0,0.0,0.6
Ficus_hispida,0.923,0.0,3.3,3.3,0.1,0.0,1.8,0.0,0.0,0.0,0.0,0.3,0.9,12.5,3.6,40.3,3.1,0.0,10.2,1.7,19.0
Ficus_microcarpa,0.822,0.0,0.0,0.0,0.0,0.0,0.0,0.0,0.0,0.0,0.0,0.0,21.2,11.0,0.0,24.6,0.0,0.0,5.7,35.9,1.6
Ficus_nervosa,0.901,0.0,2.5,6.1,0.0,9.0,4.6,2.0,0.1,0.9,0.0,0.0,44.6,6.7,2.1,0.9,3.2,1.9,5.3,2.3,7.8
Ficus_racemosa,0.946,0.0,0.0,1.1,0.0,0.0,0.0,0.0,0.6,0.0,0.0,0.0,0.4,0.2,0.3,83.8,0.0,5.7,2.0,4.2,1.6
Ficus_talbotii,0.787,0.0,29.2,0.0,0.0,0.0,0.0,0.0,39.5,0.0,0.0,0.0,0.0,0.0,0.0,0.0,0.0,0.0,0.2,23.4,7.8
Ficus_tsjakela,0.832,0.0,0.0,0.0,49.7,0.0,0.0,0.0,0.0,0.0,0.0,0.0,1.2,0.0,0.0,25.3,0.0,0.0,12.9,10.7,0.2
Ficus_virens,0.901,0.0,14.3,1.6,3.7,0.0,0.0,1.6,11.6,0.0,0.0,0.0,18.4,0.0,36.0,0.0,0.0,0.4,1.1,0.0,11.3
Filicium_decipiens,0.972,0.0,0.0,0.3,0.0,0.0,0.0,0.0,0.3,0.0,0.0,2.6,0.0,0.0,95.3,0.5,0.0,0.0,1.0,0.0,0.0
Flacourtia_montana,0.898,1.0,0.1,16.4,1.3,0.0,6.0,1.9,0.2,1.1,0.0,0.1,37.2,0.8,10.8,1.8,1.4,0.4,10.5,2.5,6.3
Garcinia_gummi-gutta,0.923,0.4,13.8,18.9,0.3,0.0,3.2,0.7,11.1,0.0,0.6,0.2,22.6,0.4,1.6,0.5,2.6,0.1,1.2,12.9,8.9
Garcinia_indica,0.919,0.0,1.2,4.9,2.0,0.3,0.3,0.0,1.2,0.0,0.0,0.0,12.2,0.0,6.3,0.3,30.4,6.2,19.7,3.3,11.6
Garcinia_morella,0.95,3.4,6.7,27.7,0.2,0.0,2.1,0.0,6.5,0.1,0.0,1.3,23.3,3.2,1.1,0.0,6.6,0.1,1.3,6.8,9.6
Garcinia_rubroechinata,0.978,0.0,6.5,0.0,0.6,0.0,0.0,0.0,0.0,0.0,0.0,0.0,0.0,0.0,10.8,77.8,0.0,4.3,0.0,0.0,0.1
Garcinia_spicata,0.941,0.0,0.0,0.0,0.0,0.0,0.0,0.0,0.0,0.0,0.0,0.1,0.0,0.0,0.0,37.5,0.0,0.0,0.0,59.0,3.4
Garcinia_talbotii,0.946,0.0,3.0,0.7,0.4,6.2,1.0,0.0,0.1,0.4,0.0,2.5,34.6,3.7,0.0,8.4,3.6,18.3,6.8,2.2,8.1
Glochidion_UM,1.0,0.0,0.0,1.7,1.3,1.9,1.2,2.1,0.7,0.3,3.6,6.1,0.1,0.0,10.2,52.9,0.0,3.8,2.6,0.0,11.6
Glochidion_ellipticum,0.9,0.0,5.3,1.3,2.0,0.0,5.1,2.1,0.4,2.4,0.0,0.0,31.4,1.7,0.8,0.6,20.2,0.4,13.8,2.7,9.7
Glochidion_heyneanum,0.895,0.8,17.8,0.0,0.0,0.0,0.0,0.0,18.7,0.0,0.0,0.0,0.0,31.4,0.0,2.7,0.0,0.0,24.5,0.4,3.8
Glochidion_hohenackeri,0.984,0.0,0.0,0.0,0.0,0.0,0.0,0.0,20.3,0.0,0.0,0.0,0.0,0.0,0.0,57.0,0.0,0.2,18.4,4.1,0.0
Glochidion_zeylanicum,0.886,0.0,0.0,0.0,0.0,0.0,0.0,0.0,0.0,0.0,0.0,0.0,0.0,0.0,1.0,99.0,0.0,0.0,0.0,0.0,0.0
Gluta_travancorica,0.997,0.0,20.7,0.0,0.0,0.0,0.2,0.0,0.2,0.0,0.0,0.0,0.0,0.0,73.3,2.7,0.0,1.7,1.2,0.0,0.0
Glycosmis_macrocarpa,0.945,0.0,2.6,2.7,18.8,1.5,0.0,42.8,0.0,0.0,3.8,4.2,6.1,0.1,1.3,0.0,0.0,1.4,1.4,9.4,3.9
Glycosmis_pentaphylla,0.948,0.0,0.1,2.9,2.4,0.0,2.8,3.7,0.0,0.0,0.0,6.6,24.2,6.5,0.5,7.3,14.6,0.9,2.3,4.1,21.1
Gnetum_edule,0.986,0.0,1.6,3.4,0.0,0.0,0.0,0.0,0.0,0.0,0.0,0.0,0.0,16.3,11.7,0.7,11.9,0.0,31.3,12.0,10.9
Gomphandra_coriacea,0.992,0.0,0.0,2.0,2.1,0.7,0.0,2.3,0.0,0.0,23.3,2.4,10.6,0.0,53.1,0.6,0.8,0.0,0.0,2.0,0.0
Gomphandra_tetrandra,0.948,0.0,13.3,8.1,0.0,0.0,0.1,0.0,0.3,1.8,4.1,2.0,19.3,0.2,1.7,0.0,0.0,1.6,0.2,37.9,9.4
Goniothalamus_cardiopetalus,0.969,3.0,12.3,3.2,0.1,0.0,1.6,1.5,1.3,0.5,0.0,0.0,0.0,9.9,4.8,0.9,0.0,0.0,0.0,53.1,7.8
Goniothalamus_rhynchantherus,0.995,0.0,0.0,0.0,0.0,0.0,0.2,11.9,0.0,0.0,0.0,0.0,0.0,0.2,59.2,27.6,0.0,0.0,0.8,0.0,0.0
Goniothalamus_thwaitesii,0.903,0.0,21.4,0.0,0.0,0.0,0.0,77.1,0.7,0.0,0.0,0.0,0.0,0.0,0.0,0.0,0.0,0.0,0.0,0.9,0.0
Goniothalamus_wightii,0.977,0.0,0.0,0.0,0.0,0.2,0.0,0.6,0.0,0.0,0.0,0.0,0.0,0.0,98.3,0.9,0.0,0.0,0.0,0.0,0.0
Gordonia_obtusa,0.964,0.0,4.9,0.0,0.0,0.0,0.0,0.0,0.0,6.9,5.4,0.0,14.6,0.0,5.0,0.0,0.0,0.0,3.3,57.9,2.0
Grewia_serrulata,0.93,3.8,0.0,0.0,0.0,0.0,0.0,0.0,45.6,0.0,0.0,0.0,0.0,0.0,0.0,22.2,0.0,1.4,0.0,25.1,1.9
Gymnacranthera_canarica,0.91,0.0,0.7,0.0,40.9,0.0,0.0,21.5,0.0,0.0,0.0,26.3,0.0,2.0,0.0,0.0,0.0,0.0,0.2,0.0,8.5
Harpullia_arborea,0.926,0.0,0.0,3.9,25.2,0.0,6.3,18.5,14.4,0.9,0.0,0.1,8.4,1.9,5.4,0.3,0.0,0.4,0.3,1.7,12.3
Helicia_nilagirica,0.962,0.0,8.3,0.0,1.4,24.8,0.0,65.5,0.0,0.0,0.0,0.0,0.0,0.0,0.0,0.0,0.0,0.0,0.0,0.0,0.0
Heptapleurum_ellipticum,0.998,0.0,2.8,0.0,0.0,0.0,0.0,0.0,0.0,0.0,0.0,0.0,0.0,2.1,0.1,83.3,0.0,3.8,3.5,0.0,4.4
Heritiera_papilio,0.965,1.3,11.9,0.6,3.0,0.2,1.6,2.4,0.0,0.0,21.7,4.0,0.0,0.0,1.0,0.0,0.3,0.1,0.1,46.9,4.7
Heynea_trijuga,0.951,0.0,1.8,3.3,6.1,0.0,26.8,0.4,0.9,0.0,0.0,0.0,10.5,33.9,3.5,2.2,0.0,4.1,1.9,0.3,4.2
Holigarna_arnottiana,0.92,1.0,1.0,6.5,1.0,0.0,1.9,0.0,1.5,0.3,0.7,0.4,24.6,6.8,8.2,5.0,17.1,3.1,12.7,2.0,6.2
Holigarna_beddomei,0.923,0.0,4.0,0.0,29.9,0.0,0.0,10.8,0.0,0.0,0.0,0.0,0.0,0.0,0.0,0.0,0.0,0.0,0.0,10.9,44.3
Holigarna_ferruginea,0.976,2.3,0.3,3.8,1.9,1.4,6.1,1.6,6.2,0.2,0.0,0.0,18.6,2.1,0.1,0.0,3.2,5.3,0.1,39.2,7.5
Holigarna_grahamii,0.916,1.9,0.1,3.8,3.7,0.0,1.8,0.8,0.7,0.1,14.7,2.0,3.7,36.3,2.9,3.3,5.3,1.9,1.8,5.1,10.2
Holigarna_nigra,0.947,0.0,1.3,9.3,4.0,2.2,0.0,0.7,0.1,0.6,17.3,1.5,19.3,0.4,17.8,2.3,0.0,0.0,1.0,22.0,0.2
Homalium_ceylanicum,0.941,0.0,11.0,4.2,2.4,0.0,0.0,0.0,0.0,0.0,0.0,1.3,26.3,7.2,0.0,1.1,0.3,0.0,6.9,33.8,5.4
Hopea_canarensis,0.995,0.3,0.0,0.4,0.0,0.0,0.0,0.0,3.4,0.1,3.0,0.0,1.1,2.3,4.6,0.1,1.3,1.4,1.8,76.3,3.9
Hopea_erosa,0.952,0.0,0.0,1.3,5.5,0.0,0.0,58.7,3.3,0.0,0.0,0.0,0.0,0.0,0.0,0.0,0.0,30.6,0.6,0.0,0.0
Hopea_glabra,0.961,0.0,2.1,0.0,62.7,5.2,0.0,24.7,0.0,0.0,0.0,0.0,0.0,0.0,0.0,0.0,0.0,0.0,0.0,5.3,0.0
Hopea_parviflora,0.949,0.2,7.1,6.6,0.7,0.0,3.6,12.4,0.0,0.0,0.0,0.7,5.0,0.0,0.9,0.6,0.0,0.7,0.4,35.6,25.5
Hopea_ponga,0.955,0.0,0.0,16.0,2.4,0.0,0.0,0.0,3.7,0.0,0.2,0.9,0.0,0.5,6.5,0.4,38.5,0.2,1.7,6.5,22.4
Hopea_racophloea,0.949,0.0,4.1,0.0,0.0,0.0,0.0,64.6,0.0,0.0,0.0,0.0,0.0,0.0,0.0,0.0,0.0,0.0,0.0,0.0,31.3
Humboldtia_brunonis,0.992,0.0,1.2,1.9,0.0,0.0,3.0,0.0,0.0,0.0,0.0,6.2,0.0,0.1,1.1,2.6,1.8,2.0,0.1,70.2,9.8
Humboldtia_decurrens,0.979,0.0,4.8,0.0,1.8,0.0,0.0,41.7,0.0,0.0,0.0,0.0,0.0,0.0,0.0,0.0,0.0,51.6,0.0,0.0,0.0
Humboldtia_vahliana,0.981,0.0,3.8,8.3,0.0,0.0,23.5,35.0,0.0,0.0,0.0,0.0,0.0,0.8,0.0,1.3,0.0,10.9,0.0,0.0,16.3
Hunteria_zeylanica,0.962,0.0,6.4,5.5,30.3,0.0,0.0,4.3,0.0,0.0,0.0,0.0,0.0,1.2,19.0,11.9,0.0,0.4,6.4,5.7,8.7
Hydnocarpus_alpina,0.976,0.0,2.5,2.9,0.0,0.0,0.0,0.3,0.0,0.0,0.0,1.1,0.0,0.6,30.6,3.0,1.4,0.2,2.1,47.0,8.3
Hydnocarpus_macrocarpa,0.951,0.0,0.0,0.0,0.3,1.3,0.0,0.0,0.0,0.0,0.2,0.0,0.0,0.0,0.0,0.0,0.0,0.0,0.5,52.0,45.8
Hydnocarpus_pentandrus,0.896,0.0,0.3,18.2,0.1,2.7,13.1,0.0,0.0,1.4,1.7,0.6,19.3,0.2,3.3,0.7,3.0,0.0,4.0,2.0,29.3
Isonandra_lanceolata,0.966,0.0,12.3,2.8,1.3,0.0,0.0,0.0,0.1,1.1,2.7,3.7,12.1,0.0,6.2,0.4,0.0,1.5,0.0,52.4,3.4
Ixora_alba,0.93,0.0,6.8,0.0,0.0,0.0,0.0,47.1,0.0,0.0,0.0,0.0,0.0,0.0,0.0,0.0,0.0,0.0,0.0,5.3,40.8
Ixora_brachiata,0.904,1.3,0.1,8.0,0.4,0.4,2.0,0.0,1.3,0.1,2.0,5.8,6.7,29.1,4.9,7.2,2.1,0.3,10.5,5.6,12.0
Ixora_elongata,0.981,0.0,3.4,0.1,0.0,0.0,0.0,0.1,0.0,4.2,0.0,3.6,0.0,11.3,0.8,0.0,0.1,19.4,0.0,45.9,11.1
Ixora_lanceolaria,0.908,0.0,8.5,0.0,18.5,0.0,0.0,27.0,0.0,0.0,0.0,0.0,0.0,0.0,0.0,0.0,0.0,0.0,0.0,0.0,46.0
Ixora_nigricans,0.913,0.0,5.8,0.2,0.9,0.0,0.1,0.3,0.1,0.0,13.3,2.3,32.0,0.4,0.2,2.3,0.0,8.4,0.0,12.9,20.6
Ixora_pavetta,0.935,0.1,0.0,0.0,0.0,0.0,0.0,0.0,0.0,1.4,0.0,12.2,0.0,0.0,0.0,59.6,0.0,0.0,1.0,25.7,0.0
Jasminum_malabaricum,0.967,0.0,0.0,7.4,0.0,0.0,0.0,0.0,0.0,0.0,0.0,0.0,0.0,0.0,0.9,57.3,0.0,0.0,0.0,9.4,25.1
Kingiodendron_pinnatum,0.977,0.0,0.1,6.0,0.3,0.0,13.3,1.3,0.0,1.1,1.0,8.4,0.0,0.0,0.4,2.0,0.9,0.1,4.2,59.4,1.4
Knema_attenuata,0.9,4.0,4.8,7.3,6.0,0.2,2.0,2.0,2.0,0.7,0.0,4.1,19.7,2.8,0.9,1.2,2.2,2.2,3.1,8.0,26.5
Lagerstroemia_microcarpa,0.936,0.0,0.1,0.3,0.9,0.0,6.6,6.5,0.8,0.0,0.0,0.3,0.9,37.6,10.2,0.0,2.8,0.2,31.4,0.2,1.3
Lasianthus_acuminatus,0.982,7.6,0.0,0.5,0.6,0.0,0.0,1.5,0.0,0.5,0.0,4.8,27.3,0.3,1.2,0.8,1.3,0.0,2.0,51.1,0.5
Lasianthus_jackianus,0.981,1.3,6.9,0.0,2.3,0.0,0.0,51.9,18.5,0.0,2.2,0.0,0.0,0.0,1.0,7.3,3.4,0.5,1.8,2.8,0.0
Lasianthus_oblongifolius,0.999,0.0,3.2,0.0,0.5,0.0,3.4,26.7,3.3,0.0,0.0,0.0,0.0,0.0,62.5,0.0,0.0,0.1,0.4,0.0,0.0
Lasianthus_parvifolius,1.0,0.0,0.0,1.7,1.3,1.9,1.2,2.1,0.7,0.3,3.6,6.1,0.1,0.0,10.2,52.9,0.0,3.8,2.6,0.0,11.6
Lasianthus_rostratus,0.989,3.0,0.0,0.0,0.4,6.7,0.0,0.0,0.0,0.7,0.0,3.7,0.0,0.0,61.5,17.5,0.0,2.2,4.2,0.1,0.0
Lasiosiphon_glaucus,0.945,0.0,0.2,0.0,0.0,0.0,0.0,0.0,4.8,0.0,0.0,0.0,3.5,1.9,0.0,49.9,15.7,0.1,8.5,12.9,2.4
Leea_indica,0.9,1.2,0.6,2.2,3.0,4.5,2.7,1.1,0.2,1.6,0.1,1.2,14.4,6.0,1.3,24.0,8.3,0.1,8.1,2.9,16.4
Lepisanthes_erecta,0.941,0.0,3.9,0.0,3.3,18.0,0.0,64.8,8.8,0.0,0.0,0.0,0.9,0.0,0.0,0.0,0.0,0.0,0.0,0.2,0.0
Lepisanthes_tetraphylla,0.938,0.0,3.8,8.3,0.0,0.0,3.5,0.4,1.0,2.0,0.0,0.0,22.7,0.8,6.3,0.2,3.3,1.4,1.5,16.0,28.8
Leptonychia_caudata,0.905,0.0,24.2,0.0,0.0,0.0,0.0,75.5,0.0,0.0,0.0,0.0,0.0,0.0,0.0,0.0,0.0,0.0,0.3,0.0,0.0
Ligustrum_robustum,0.973,4.2,0.0,0.1,3.6,2.9,2.5,0.0,7.2,0.0,0.0,0.4,0.0,38.2,18.3,7.2,0.0,0.0,0.0,6.3,9.2
Litsea_UM,1.0,0.0,0.0,1.7,1.3,1.9,1.2,2.1,0.7,0.3,3.6,6.1,0.1,0.0,10.2,52.9,0.0,3.8,2.6,0.0,11.6
Litsea_floribunda,0.954,1.6,0.3,17.2,6.0,2.0,0.7,0.7,0.7,0.2,12.2,0.5,30.3,3.2,3.8,0.3,3.0,0.9,0.0,9.7,6.5
Litsea_ghatica,0.908,7.6,0.7,0.0,0.0,1.0,5.5,0.0,0.0,0.9,0.0,17.4,8.0,35.9,8.1,11.6,0.5,0.0,0.1,0.0,2.6
Litsea_glabrata,0.992,20.5,3.3,6.0,0.5,0.0,0.0,1.8,0.0,7.0,0.0,0.0,8.6,0.0,12.0,1.9,0.0,0.0,0.1,36.6,1.9
Litsea_keralana,0.954,0.1,4.9,1.6,2.4,0.2,0.0,0.0,0.0,0.0,0.7,0.0,23.5,0.0,10.1,0.2,0.0,0.0,0.0,54.7,1.6
Litsea_laevigata,0.917,0.0,2.9,10.1,10.7,0.0,1.2,0.3,1.0,0.1,2.5,0.0,16.7,8.0,5.5,1.6,9.5,0.0,7.6,10.8,11.4
Litsea_mysorensis,0.962,0.0,2.0,8.4,0.0,0.0,0.4,0.2,5.2,0.6,0.7,0.0,28.6,1.3,7.4,0.3,3.5,0.0,0.9,40.4,0.2
Litsea_oleoides,0.978,18.6,2.3,4.2,0.0,0.3,0.0,1.6,0.2,1.7,0.0,0.9,16.0,0.0,3.3,0.6,0.0,0.5,0.0,48.4,1.2
Litsea_stocksii,0.969,3.3,1.5,0.0,0.0,0.3,0.0,0.0,0.0,0.4,27.4,0.0,2.7,13.6,2.0,18.4,0.1,14.6,9.1,0.0,6.6
Litsea_travancorica,0.99,0.0,1.8,5.6,4.4,0.0,3.1,11.2,0.0,0.0,0.0,0.0,0.0,0.0,0.0,11.7,0.0,50.4,0.0,0.1,11.5
Litsea_udayanii,0.995,0.0,0.0,0.4,14.8,19.3,0.0,0.2,0.0,0.0,0.0,0.0,0.0,0.0,8.6,0.8,0.0,0.0,0.1,2.2,53.6
Litsea_venulosa,0.997,0.6,1.2,0.2,0.0,0.0,0.7,25.7,0.0,0.0,0.0,0.0,0.0,0.3,64.9,4.7,0.0,0.0,1.7,0.0,0.0
Litsea_wightiana,0.968,0.0,15.6,0.0,0.0,0.0,0.0,0.0,0.0,0.8,0.0,0.4,0.0,0.0,83.2,0.0,0.0,0.0,0.0,0.0,0.0
Lophopetalum_wightianum,0.915,0.0,4.2,17.4,1.4,0.0,0.0,0.0,0.1,0.0,0.0,1.5,26.1,0.4,0.0,3.5,0.0,0.0,3.9,7.0,34.7
Luvunga_sarmentosa,0.98,0.0,0.0,0.1,0.0,0.0,0.0,0.0,0.0,0.0,0.0,0.0,0.0,23.6,0.0,54.8,0.0,0.0,13.2,5.5,2.7
Macaranga_indica,0.971,2.2,4.0,1.8,0.0,31.1,0.0,22.5,0.0,0.0,4.4,0.0,0.0,0.0,16.9,0.0,0.0,0.0,0.0,5.9,11.2
Macaranga_peltata,0.878,0.4,0.9,2.5,1.1,0.1,1.9,10.8,0.0,3.2,1.4,0.1,41.4,4.8,6.2,0.7,0.4,0.9,10.5,4.0,8.8
Machilus_glaucescens,0.987,0.0,0.0,0.0,0.0,0.0,0.0,0.0,0.0,0.0,0.0,0.0,0.0,17.0,0.1,55.1,0.0,0.6,8.2,5.6,13.4
Madhuca_bourdillonii,0.912,0.0,27.9,0.0,0.0,0.0,0.9,66.4,0.0,0.0,0.0,0.0,0.0,0.0,0.0,0.0,0.0,0.0,0.0,0.0,4.7
Madhuca_neriifolia,0.928,0.0,0.0,0.0,28.2,0.0,0.0,0.0,0.0,0.0,0.0,0.0,2.0,44.7,8.7,0.7,4.9,1.3,4.0,1.2,4.3
Maesa_indica,0.794,0.0,0.0,0.0,0.0,1.0,5.0,0.0,0.0,20.3,0.0,0.0,73.5,0.0,0.0,0.0,0.0,0.0,0.0,0.0,0.3
Magnolia_nilagirica,0.954,0.0,0.0,0.0,0.2,82.1,0.0,1.8,0.0,0.5,15.4,0.0,0.0,0.0,0.0,0.0,0.0,0.0,0.0,0.0,0.0
Mallotus_distans,0.992,0.0,7.4,0.0,0.5,0.0,0.0,20.8,0.0,0.0,0.0,0.0,0.0,5.3,0.0,64.1,0.0,1.9,0.0,0.0,0.0
Mallotus_nudiflorus,0.887,0.0,13.5,0.0,8.8,0.0,0.0,46.7,0.0,0.0,0.0,0.0,3.9,0.0,13.3,0.0,0.0,0.0,0.9,0.0,12.8
Mallotus_philippensis,0.886,0.9,2.3,3.7,2.0,9.0,0.9,1.1,0.6,1.2,1.5,0.2,38.4,3.8,3.6,5.6,2.0,0.1,7.1,2.6,13.5
Mallotus_resinosus,0.911,0.0,1.8,2.5,3.2,2.5,1.3,0.0,0.1,0.2,0.2,0.0,9.7,1.4,34.9,9.7,1.4,10.5,0.9,12.8,7.1
Mallotus_rhamnifolius,0.831,2.7,0.0,0.0,0.0,0.0,0.0,0.0,0.0,0.0,0.0,15.8,0.0,0.0,63.3,0.0,0.0,0.0,0.0,0.0,18.1
Mallotus_tetracoccus,0.853,0.0,0.0,0.0,0.0,0.0,0.0,0.0,0.0,0.0,0.0,0.0,0.0,0.0,0.0,0.0,0.0,0.0,0.0,7.0,93.0
Mammea_suriga,0.91,0.0,0.2,0.0,0.0,0.0,0.0,4.1,0.0,0.0,0.0,9.5,0.0,0.0,0.0,74.8,0.0,1.2,9.8,0.0,0.4
Mangifera_indica,0.89,0.2,0.4,3.7,2.3,12.9,0.2,1.2,5.0,0.3,7.1,0.0,32.8,3.5,6.6,1.9,4.1,0.9,7.4,3.2,6.3
Mappia_nimmoniana,0.98,0.0,0.0,0.1,0.2,0.0,0.0,0.0,0.0,0.0,0.0,0.0,0.0,7.5,0.0,70.8,0.0,1.8,10.9,4.7,4.0
Margaritaria_indica,0.782,0.0,18.2,0.0,40.0,0.0,0.0,1.5,1.9,0.0,0.0,0.0,0.0,0.0,15.5,5.2,0.0,0.0,5.1,7.6,5.0
Mastixia_arborea,0.956,0.3,3.3,10.2,0.2,0.0,0.9,0.0,0.0,0.2,10.4,1.3,13.6,0.1,0.9,0.1,10.1,0.0,0.5,25.6,22.2
Maytenus_rothiana,0.957,0.0,0.0,0.0,0.8,0.0,0.0,0.0,0.0,0.0,3.2,0.0,0.1,0.0,0.0,14.0,36.0,7.6,6.0,10.9,21.4
Meiogyne_pannosa,0.967,0.0,3.5,1.7,3.9,0.0,3.4,0.3,0.0,0.9,2.6,9.6,27.8,1.1,2.5,1.2,0.0,2.0,1.3,31.2,7.0
Meiogyne_ramarowii,0.94,1.0,5.4,3.8,0.0,0.0,0.2,0.0,0.0,0.9,0.3,0.9,5.8,0.0,0.2,0.3,0.0,3.2,10.0,56.3,11.8
Melicope_lunu-ankenda,0.883,0.0,0.3,0.0,0.4,0.0,1.6,2.6,0.3,0.0,0.0,4.4,2.4,5.4,6.6,1.3,52.7,9.3,1.2,2.1,9.1
Meliosma_pinnata,0.927,0.0,0.0,0.0,0.0,31.2,0.0,65.5,2.9,0.0,0.0,0.0,0.0,0.0,0.0,0.0,0.0,0.0,0.0,0.0,0.5
Memecylon_gracile,0.991,0.0,6.6,0.0,0.0,2.9,0.0,3.7,0.0,3.8,7.6,0.0,5.9,0.0,3.0,0.3,0.0,0.7,0.3,61.3,3.9
Memecylon_heyneanum,0.98,0.0,3.2,5.8,3.1,0.4,0.0,14.0,0.0,0.0,0.0,0.0,0.0,1.6,15.2,0.2,0.0,2.9,0.1,23.6,29.8
Memecylon_malabaricum,0.973,0.0,1.6,1.6,6.9,0.0,0.3,0.0,0.0,0.0,0.0,0.0,48.2,0.0,40.5,0.0,0.0,0.0,0.0,0.0,1.0
Memecylon_pseudogracile,0.998,0.0,7.9,0.7,1.0,0.0,0.5,16.6,0.0,5.1,6.5,0.0,10.3,1.8,6.6,8.1,3.9,2.0,0.6,27.6,0.8
Memecylon_randerianum,0.925,0.0,5.2,0.0,2.7,0.0,0.0,36.9,0.0,0.0,0.0,0.0,0.4,0.0,16.0,0.0,3.2,0.0,0.5,20.1,15.1
Memecylon_subsessile,0.983,0.3,4.3,0.0,0.0,0.0,33.5,17.5,0.0,0.0,0.1,0.0,0.0,0.0,0.0,0.0,0.0,26.5,0.0,0.0,17.8
Memecylon_talbotianum,0.919,0.3,6.7,3.6,0.2,0.0,0.0,0.0,1.4,0.1,16.7,0.0,38.3,0.0,0.0,1.4,0.7,0.0,0.5,2.9,27.3
Memecylon_terminale,0.957,0.0,2.8,0.1,50.6,0.0,0.1,0.0,0.9,0.0,0.0,0.0,28.1,0.0,0.0,0.0,0.0,0.0,2.6,14.7,0.0
Memecylon_umbellatum,0.941,0.0,0.0,0.3,0.6,6.1,0.0,0.1,0.6,0.0,4.4,0.0,0.0,14.5,0.3,57.5,1.7,1.5,10.7,1.0,0.7
Memecylon_wightii,0.969,4.5,1.8,1.2,1.3,0.0,5.8,0.0,10.8,0.0,0.0,0.4,26.6,1.5,4.4,0.7,7.3,0.0,0.0,33.1,0.5
Mesua_ferrea,0.964,9.3,1.7,6.3,0.0,0.0,0.0,0.2,0.1,0.9,0.0,9.1,18.1,0.4,0.3,0.1,0.5,0.8,0.0,45.6,6.6
Meteoromyrtus_wynaadensis,0.982,0.0,29.3,1.8,4.0,0.0,0.0,16.4,8.2,0.0,0.0,0.0,0.0,0.0,0.0,0.0,0.0,0.0,0.0,32.4,7.9
Meyna_laxiflora,0.923,0.0,0.9,3.5,0.0,0.0,0.1,4.8,0.0,0.5,0.0,0.3,2.9,26.9,0.0,32.6,0.4,2.4,11.7,10.2,3.0
Microcos_paniculata,0.984,0.0,0.4,0.3,3.1,0.3,4.2,0.0,0.0,1.7,0.0,8.4,0.0,3.0,0.0,21.5,7.6,1.2,38.9,5.4,4.0
Microtropis_latifolia,0.968,3.5,4.0,7.4,0.0,0.0,0.0,5.6,13.7,2.0,6.0,4.7,16.7,0.7,1.2,0.0,0.0,2.8,0.1,30.0,1.7
Miliusa_gokhalaei,0.99,0.0,0.0,6.6,0.0,2.5,0.0,45.1,10.0,0.0,0.0,0.0,0.0,0.0,5.5,0.0,0.0,13.4,0.0,2.1,14.9
Miliusa_nilagirica,0.989,0.5,30.6,0.0,0.3,0.0,0.0,8.8,16.6,2.1,0.0,0.0,2.8,3.3,14.1,0.5,0.0,0.0,0.4,19.9,0.0
Mimusops_elengi,0.916,0.0,0.0,1.2,0.9,2.8,1.3,4.7,0.4,4.6,0.0,0.0,8.8,30.7,2.3,10.1,1.0,0.0,19.2,6.4,5.6
Mitragyna_parvifolia,0.754,0.0,1.4,0.2,0.0,0.0,0.0,0.0,0.0,0.0,0.0,1.7,0.0,90.3,0.0,0.0,0.0,0.0,0.0,0.0,6.4
Mitragyna_tubulosa,0.926,0.0,0.1,0.0,0.0,0.0,3.9,51.1,0.0,0.0,0.0,0.0,0.0,0.0,0.0,0.0,0.0,0.0,0.4,0.0,44.5
Mitrephora_grandiflora,0.862,0.0,1.2,5.5,11.8,0.0,0.9,18.8,0.0,0.0,0.0,0.0,0.0,0.0,54.2,0.3,0.0,0.0,0.0,7.3,0.0
Moullava_spicata,0.966,0.0,0.0,0.1,1.2,0.0,0.0,1.5,0.0,0.0,0.0,0.6,0.0,0.0,0.0,82.2,0.1,3.8,5.0,1.5,3.9
Murraya_koenigii,0.957,0.0,6.3,2.5,0.0,0.0,0.0,0.0,2.9,0.0,0.0,0.0,18.3,0.0,15.1,5.5,0.0,4.7,4.9,20.0,19.9
Murraya_paniculata,0.851,0.0,0.3,0.0,1.8,0.0,0.0,0.0,0.0,0.0,0.0,0.0,9.6,0.0,75.6,0.0,0.0,0.1,0.1,7.0,5.5
Myristica_beddomei,0.987,0.0,0.0,0.0,0.0,0.0,0.0,0.0,4.0,0.0,0.0,0.0,0.0,0.0,0.0,74.4,0.0,0.0,17.4,2.8,1.3
Myristica_dactyloides,0.94,0.0,2.8,5.1,0.4,2.6,3.0,4.8,2.0,0.6,0.0,7.8,27.8,0.9,3.6,0.0,1.7,2.2,1.1,29.5,4.2
Myristica_malabarica,0.89,0.0,1.0,16.7,3.5,1.6,0.0,14.0,0.0,0.0,0.0,1.1,34.3,0.2,1.4,0.6,2.6,2.5,2.6,3.7,14.3
Neolitsea_fischeri,0.964,0.6,0.0,0.8,6.7,0.2,0.0,0.1,0.0,0.0,0.0,0.0,0.0,3.0,77.5,10.3,0.3,0.0,0.4,0.2,0.0
Neolitsea_scrobiculata,0.969,0.0,8.1,0.0,53.7,0.0,0.0,0.0,0.0,0.0,0.0,0.0,0.0,0.0,0.0,1.9,0.2,2.1,2.5,0.0,31.5
Neolitsea_zeylanica,0.954,0.0,0.2,0.9,3.3,0.0,0.7,0.0,0.0,0.0,0.0,0.0,2.8,21.7,0.4,1.0,40.6,0.4,6.5,11.7,9.7
Nothapodytes_nimmoniana,0.932,0.0,1.2,0.0,8.3,1.2,1.2,0.9,0.0,0.0,0.0,4.7,25.0,1.2,0.0,23.9,2.1,5.2,1.9,4.4,18.8
Nothopegia_aureofulva,0.998,0.2,0.0,0.0,0.0,0.0,0.0,22.8,0.0,0.0,0.0,0.0,0.0,1.7,62.6,10.1,0.0,0.0,2.6,0.0,0.0
Nothopegia_beddomei,0.95,0.0,0.9,14.6,3.4,0.0,7.8,1.5,0.0,2.3,8.3,0.0,12.7,0.6,2.2,0.6,2.6,0.8,1.0,27.3,13.6
Nothopegia_castaneifolia,0.976,0.0,1.1,0.4,0.0,0.0,0.0,1.2,2.1,0.0,0.0,0.0,0.1,16.0,0.0,54.4,0.0,0.1,14.2,5.5,5.0
Nothopegia_racemosa,0.914,0.0,0.0,4.6,1.7,9.9,0.0,1.3,4.1,0.0,0.0,0.3,27.7,17.7,5.7,1.8,1.6,0.0,7.2,6.2,10.1
Nothopegia_travancorica,0.982,0.0,10.4,5.1,0.1,0.2,0.0,0.1,0.0,0.0,2.1,0.3,4.4,0.0,3.8,2.2,0.0,0.9,2.8,60.2,7.5
Ocotea_lancifolia,0.978,0.0,3.2,4.6,1.5,0.6,0.0,5.9,0.0,0.6,9.4,4.0,14.6,0.0,7.7,0.1,0.1,22.1,0.0,25.4,0.3
Octotropis_travancorica,0.991,0.0,0.4,0.0,0.0,0.0,0.0,0.0,0.0,0.0,0.0,0.0,0.0,0.0,94.3,5.3,0.0,0.0,0.0,0.0,0.0
Olea_dioica,0.917,0.1,0.7,4.2,0.6,9.5,1.7,1.6,0.7,0.0,0.1,0.1,26.2,17.2,6.0,0.6,9.7,0.9,12.2,6.2,1.7
Oreocnide_integrifolia,0.949,5.6,0.0,1.1,2.3,22.4,0.6,53.6,4.0,1.3,6.8,0.2,0.0,0.0,0.0,1.1,0.6,0.3,0.0,0.0,0.0
Ormosia_travancorica,0.922,0.0,13.0,1.0,5.5,0.0,0.0,10.6,0.0,0.9,0.0,0.0,0.0,0.0,57.6,0.0,1.7,3.0,0.1,6.6,0.0
Orophea_erythrocarpa,0.931,0.4,12.9,1.1,0.0,0.0,0.0,67.7,0.0,0.0,0.0,0.0,0.0,0.0,6.6,0.0,0.5,0.0,1.5,0.0,9.3
Orophea_sivarajanii,0.992,0.0,8.7,0.0,0.7,0.0,0.0,24.5,10.9,0.0,0.0,0.0,0.0,0.0,9.7,0.1,0.0,0.1,1.3,34.0,9.8
Orophea_thomsonii,0.98,0.0,14.4,5.5,4.0,0.0,0.0,24.2,0.0,0.1,0.0,0.0,1.0,5.4,0.0,21.0,0.0,0.3,3.1,6.7,14.4
Orophea_zeylanica,0.867,0.0,0.0,0.0,0.0,0.0,0.0,0.0,0.0,3.1,0.0,26.0,0.0,67.2,3.6,0.0,0.0,0.0,0.0,0.0,0.0
Otonephelium_stipulaceum,0.973,0.0,1.4,4.5,0.1,0.0,0.7,0.7,0.0,1.1,0.0,6.4,6.2,1.9,0.3,0.4,0.1,5.0,7.3,49.5,14.4
Oxyceros_rugulosus,0.957,0.0,0.0,0.0,0.6,0.0,0.1,0.0,0.0,0.0,0.0,0.0,0.0,0.0,5.4,82.1,0.0,2.3,5.6,3.9,0.0
Pajanelia_longifolia,0.952,0.0,6.0,0.0,0.0,0.0,0.0,13.3,0.2,0.0,0.0,0.0,0.0,33.0,5.0,1.0,0.0,0.0,0.0,5.6,35.9
Palaquium_bourdillonii,0.997,0.0,14.1,0.0,0.0,0.0,0.0,0.0,3.1,0.0,0.0,0.0,0.0,0.1,77.4,3.2,0.9,0.0,1.2,0.0,0.0
Palaquium_ellipticum,0.96,0.6,4.1,7.0,0.2,0.1,0.0,1.2,2.5,2.8,12.9,4.5,12.3,0.4,4.2,0.0,0.6,1.8,0.4,41.9,2.6
Pandanus_furcatus,0.961,0.0,9.0,2.2,0.5,0.8,0.0,22.5,0.0,0.0,3.3,0.0,4.8,0.3,0.9,0.4,12.3,0.8,0.7,24.7,16.9
Paracroton_pendulus_subsp._zeylanicus,0.978,12.4,1.8,5.4,0.0,0.5,4.9,2.1,0.7,0.9,0.0,0.7,13.2,0.1,0.0,1.7,0.1,2.1,0.5,48.6,4.2
Paramignya_monophylla,0.94,0.0,2.8,1.1,0.0,0.0,0.0,0.0,2.5,0.0,0.0,0.0,0.0,34.6,0.3,17.1,0.1,0.0,18.6,17.8,5.1
Pavetta_indica,0.939,0.2,26.6,1.0,0.0,0.0,3.9,52.9,0.0,0.0,8.8,6.4,0.0,0.0,0.0,0.0,0.0,0.0,0.2,0.0,0.0
Pavetta_sp,0.899,0.0,7.7,0.0,0.0,30.7,0.0,0.0,0.0,2.4,24.6,5.0,2.2,0.0,27.4,0.0,0.0,0.0,0.0,0.0,0.0
Persea_macrantha,0.934,0.0,5.9,14.1,5.7,1.9,4.6,1.6,5.3,1.9,5.3,0.1,22.2,3.3,2.6,0.9,0.4,0.2,1.8,7.7,14.8
Pinanga_dicksonii,0.977,0.0,4.6,1.4,1.3,0.0,0.5,3.4,0.0,0.0,6.2,7.8,42.9,6.3,0.2,0.0,1.9,0.5,1.7,19.3,2.1
Poeciloneuron_indicum,0.978,0.0,0.0,3.2,1.8,0.0,0.6,2.1,0.0,0.0,3.2,1.3,48.3,7.2,0.5,0.0,2.3,0.0,1.5,24.6,3.6
Polyalthia_coffeoides,0.974,3.5,4.5,1.4,0.0,0.2,0.0,0.2,0.0,5.5,0.0,0.0,21.1,0.2,0.4,0.0,0.3,21.7,0.0,33.3,7.5
Polyalthia_fragrans,0.951,0.0,4.1,27.1,0.9,0.0,2.2,0.0,0.0,0.1,0.0,0.3,6.6,0.4,3.0,0.1,0.0,0.2,0.1,2.9,51.9
Polyalthia_malabarica,0.96,0.0,6.7,2.5,0.0,0.0,1.2,65.6,0.0,0.6,0.0,0.0,0.0,0.0,1.5,0.0,0.0,12.8,1.8,0.5,6.8
Prismatomeris_tetrandra,0.926,0.0,1.7,0.0,0.0,0.0,0.0,48.5,0.2,0.0,0.0,0.0,0.0,1.5,0.5,2.6,0.0,0.0,0.0,0.0,45.0
Prunus_ceylanica,0.942,0.0,1.1,4.1,3.9,0.0,1.3,21.9,0.8,0.0,0.0,0.0,23.0,0.0,30.5,3.3,0.4,0.1,0.4,4.8,4.2
Psychotria_anamallayana,0.975,0.0,13.0,0.0,8.1,5.8,0.0,25.0,0.0,0.0,0.0,0.0,0.0,0.0,45.0,0.0,0.0,0.0,0.2,2.9,0.0
Psychotria_dalzellii,0.945,0.0,15.8,0.0,2.5,0.0,0.1,0.0,0.9,0.3,0.0,0.7,3.5,26.9,12.9,0.1,0.0,2.7,14.1,0.8,18.5
Psychotria_flavida,0.943,0.0,0.2,0.0,30.9,0.0,0.0,0.0,0.0,0.0,0.0,25.2,0.0,0.0,0.0,0.0,3.0,0.0,1.4,0.0,39.2
Psychotria_nigra,0.952,0.0,0.6,23.2,0.1,0.0,0.2,0.1,1.1,1.4,8.7,1.7,16.5,2.5,0.0,1.0,2.7,0.9,0.2,27.5,11.8
Psychotria_truncata,0.967,0.0,0.4,0.0,0.4,0.0,0.0,0.1,3.0,0.9,1.1,0.0,76.6,8.6,0.3,0.0,0.3,0.0,2.8,5.6,0.1
Psydrax_dicoccos,0.91,0.0,0.0,10.3,1.3,0.0,0.4,0.0,8.5,0.0,6.2,0.0,27.4,14.4,3.7,12.1,4.5,0.6,2.3,2.3,6.0
Pterospermum_diversifolium,0.961,0.0,0.0,14.2,1.9,0.0,1.1,0.0,0.0,0.0,0.0,9.2,29.0,10.2,1.7,5.7,0.0,1.3,1.1,0.4,24.2
