Species,Test AUC,wc2.1_30s_bio_1_fc,wc2.1_30s_bio_2_fc,wc2.1_30s_bio_3_fc,wc2.1_30s_bio_4_fc,wc2.1_30s_bio_5_fc,wc2.1_30s_bio_6_fc,wc2.1_30s_bio_7_fc,wc2.1_30s_bio_8_fc,wc2.1_30s_bio_9_fc,wc2.1_30s_bio_10_fc,wc2.1_30s_bio_11_fc,wc2.1_30s_bio_12_fc,wc2.1_30s_bio_13_fc,wc2.1_30s_bio_14_fc,wc2.1_30s_bio_15_fc,wc2.1_30s_bio_16_fc,wc2.1_30s_bio_17_fc,wc2.1_30s_bio_18_fc,wc2.1_30s_bio_19_fc,wc2.1_30s_bio_20_fc
Acrocarpus_fraxinifolius,0.932,0.0,22.4,0.0,0.0,0.0,0.0,0.0,0.0,0.0,0.0,0.0,0.0,0.0,0.0,0.0,0.0,0.0,0.0,73.8,3.8
Acronychia_pedunculata,0.879,0.0,0.2,15.8,0.0,0.0,2.3,0.1,0.0,0.0,0.0,0.0,8.2,0.0,67.2,2.5,0.0,0.1,0.0,1.3,2.3
Actephila_excelsa,0.973,0.0,0.0,0.0,3.7,0.0,0.0,0.0,0.0,0.0,0.0,0.0,3.6,9.7,0.0,0.0,0.0,0.0,0.0,0.0,83.0
Actinodaphne_bourdillonii,0.911,0.0,2.5,0.1,0.4,4.3,0.0,0.1,9.3,0.0,0.0,0.1,19.8,3.8,0.0,0.0,6.5,0.4,0.0,48.0,4.7
Actinodaphne_gullavara,0.959,0.0,0.0,5.9,0.0,0.0,1.3,4.2,8.0,0.0,0.0,1.2,1.1,18.4,31.8,5.5,2.1,0.2,19.2,0.6,0.5
Actinodaphne_lanceolata,0.468,0.0,0.0,0.0,0.0,3.3,0.0,0.0,11.3,0.0,5.2,0.0,0.0,0.0,0.0,50.0,0.0,0.2,29.8,0.1,0.2
Actinodaphne_salicina,0.957,0.0,0.0,0.0,51.2,15.4,0.0,0.0,0.0,0.0,0.0,0.0,0.0,0.0,0.0,0.0,0.0,0.0,0.0,0.0,33.4
Actinodaphne_tadulingamii,0.932,3.4,4.4,2.9,11.9,20.6,0.0,33.8,5.9,1.3,5.3,0.4,0.0,0.1,0.0,2.9,0.0,0.3,6.8,0.0,0.1
Actinodaphne_wightiana,0.927,0.0,0.2,16.3,2.2,0.0,5.8,0.3,0.0,0.0,5.3,0.1,11.5,0.2,0.1,0.0,24.3,0.0,0.7,3.0,30.2
Aglaia_bourdillonii,0.998,0.0,0.0,0.0,0.0,0.0,0.0,0.0,0.0,0.0,0.0,0.0,0.0,1.7,69.0,28.5,0.0,0.0,0.5,0.2,0.0
Aglaia_canarana,0.897,0.0,9.1,6.2,3.7,0.0,2.9,0.0,0.0,0.0,0.0,0.1,13.5,0.6,33.4,0.0,0.0,17.6,0.0,2.9,9.9
Aglaia_edulis,0.931,0.0,0.0,16.6,2.4,0.0,0.4,0.0,14.2,0.0,0.0,0.0,3.8,11.5,7.4,1.1,33.5,0.1,1.7,3.7,3.5
Aglaia_elaeagnoidea,0.843,0.0,4.8,5.1,2.6,0.1,5.4,0.1,0.4,0.1,0.0,3.3,23.0,0.0,5.1,1.9,1.5,1.1,1.8,11.1,32.3
Aglaia_lawii,0.836,0.3,0.0,6.2,0.5,0.0,2.9,0.0,2.5,1.2,0.0,0.0,25.5,0.0,4.8,44.5,0.0,8.8,2.6,0.0,0.3
Aglaia_perviridis,0.957,0.0,9.2,0.0,0.0,0.0,3.5,61.3,0.0,0.0,0.0,0.0,0.0,0.0,0.0,0.0,3.6,0.0,0.7,16.0,5.6
Aglaia_simplicifolia,0.94,15.3,7.2,1.4,2.8,0.0,0.0,1.0,0.0,10.5,0.0,0.0,5.2,2.4,0.6,0.0,2.5,0.4,0.1,50.3,0.2
Agrostistachys_borneensis,0.981,0.0,1.6,0.0,1.4,0.0,0.0,4.8,0.0,6.8,22.0,0.0,10.8,0.0,11.6,0.1,0.6,0.5,0.3,39.5,0.0
Agrostistachys_indica,0.877,0.0,5.5,0.0,0.0,0.0,0.0,0.1,25.4,6.2,0.0,0.0,9.7,1.5,0.4,4.8,0.0,0.0,1.7,44.3,0.2
Aidia_densiflora,0.961,0.0,14.8,0.0,0.0,0.0,0.0,85.2,0.0,0.0,0.0,0.0,0.0,0.0,0.0,0.0,0.0,0.0,0.0,0.0,0.0
Ailanthus_triphysa,0.73,0.0,0.0,0.0,4.1,0.0,0.0,0.0,21.8,17.7,0.0,0.9,0.0,0.0,16.1,29.1,0.0,0.3,10.0,0.0,0.0
Allophylus_cobbe,0.865,0.0,0.2,1.0,0.0,0.0,0.3,0.7,0.0,0.7,0.0,0.0,0.2,12.8,6.5,46.2,0.5,3.9,4.7,21.4,0.9
Alseodaphne_semecarpifolia,0.918,0.0,24.0,2.4,0.2,0.0,0.4,0.8,5.1,0.0,4.2,2.0,8.6,0.0,14.1,7.5,6.9,1.5,11.3,10.6,0.5
Alstonia_scholaris,0.711,0.0,1.1,1.1,0.0,0.0,7.4,0.0,0.0,0.7,0.0,0.0,47.7,6.8,0.6,6.8,0.2,6.0,15.4,1.6,4.4
Anacolosa_densiflora,0.958,0.0,6.0,5.0,1.1,0.0,0.0,54.1,0.0,0.0,0.0,0.0,0.0,0.0,5.7,0.4,0.1,19.7,0.5,0.0,7.3
Ancistrocladus_heyneanus,0.979,0.0,0.0,0.0,0.0,0.0,0.0,0.0,0.0,0.0,0.0,0.0,0.0,0.0,1.8,81.0,0.0,0.0,0.4,16.9,0.0
Antiaris_toxicaria,0.887,0.0,0.0,1.8,0.0,0.0,0.0,4.9,0.0,0.0,0.0,0.0,2.5,0.0,0.0,0.0,0.0,21.8,6.5,58.8,3.7
Antidesma_montanum,0.922,4.7,4.5,22.4,4.5,0.0,0.1,10.6,0.8,2.4,4.5,1.4,22.6,0.5,1.7,0.2,0.0,1.8,1.1,14.9,1.4
Aphanamixis_polystachya,0.844,0.0,7.8,5.9,11.0,0.0,2.4,3.3,0.0,1.9,22.4,6.4,14.0,0.5,0.6,0.4,0.0,0.0,1.3,1.2,20.8
Aphananthe_cuspidata,0.459,0.0,3.9,0.0,30.5,0.0,0.0,0.0,5.0,0.0,0.0,0.0,9.8,0.0,0.0,0.0,0.0,0.0,0.0,3.7,47.1
Apodytes_dimidiata,0.859,0.0,18.5,0.0,0.0,4.0,0.0,42.4,0.0,0.2,0.0,0.0,0.0,0.0,0.0,0.0,0.0,0.0,0.0,34.6,0.2
Aporosa_acuminata,0.947,0.0,5.2,4.5,6.1,0.0,0.0,19.0,0.0,0.0,0.0,0.0,0.0,3.7,1.9,5.8,0.0,44.7,0.0,0.0,9.1
Aporosa_cardiosperma,0.933,0.0,0.0,20.4,0.2,0.0,1.1,1.7,0.0,0.5,0.3,0.9,15.3,9.0,27.3,0.9,0.3,1.1,17.4,3.0,0.5
Archidendron_bigeminum,0.885,0.1,6.4,4.0,0.0,0.0,0.0,0.0,0.0,0.0,0.0,1.3,6.2,0.0,2.9,0.2,0.0,0.5,1.9,53.1,23.3
Ardisia_missionis,0.996,0.0,0.0,0.0,0.8,0.0,0.0,0.0,0.0,0.1,0.0,0.0,0.0,0.0,0.0,0.0,0.0,0.0,0.0,89.0,10.1
Ardisia_pauciflora,0.923,4.9,12.9,0.0,0.0,11.9,0.0,39.9,3.0,4.1,12.9,1.3,0.0,0.0,7.0,0.0,0.0,0.0,0.3,0.6,1.3
Ardisia_rhomboidea,0.997,0.0,0.0,0.0,0.0,5.7,0.0,0.0,0.0,0.0,0.0,0.0,0.0,0.0,61.9,32.3,0.0,0.0,0.0,0.1,0.0
Ardisia_solanacea,0.922,0.0,0.4,0.0,9.6,0.8,0.0,4.9,0.0,0.0,0.0,0.0,0.0,0.0,0.0,52.4,0.0,0.2,31.8,0.0,0.0
Ardisia_stonei,0.929,0.0,1.5,6.0,10.0,32.8,0.0,15.5,2.6,0.0,0.6,0.0,0.0,0.0,0.0,0.0,0.0,10.2,2.0,5.9,12.8
Arenga_wightii,0.967,0.0,0.5,0.0,46.3,0.0,0.0,10.4,0.0,0.0,0.0,0.8,0.0,6.5,0.0,0.0,26.5,0.0,5.9,0.0,3.0
Artocarpus_gomezianus,0.803,0.0,0.1,0.0,30.3,0.0,0.0,2.4,0.0,0.0,0.0,0.0,4.0,1.6,24.3,0.0,0.0,5.0,14.3,1.3,16.8
Artocarpus_heterophyllus,0.843,0.0,0.4,8.1,3.6,0.0,10.0,0.0,0.3,0.0,7.1,1.0,34.4,0.0,20.5,4.5,0.3,0.0,1.4,6.4,2.0
Artocarpus_hirsutus,0.899,0.1,0.0,13.5,1.3,0.0,4.3,0.0,0.1,1.3,7.1,0.6,30.3,10.5,4.9,4.8,3.8,2.9,4.9,1.2,8.2
Atalantia_racemosa,0.885,0.0,0.0,0.0,1.5,0.0,0.0,0.0,0.1,0.0,0.0,0.1,11.3,16.5,0.0,49.3,2.4,3.4,0.1,1.7,13.6
Atalantia_wightii,0.8,0.0,0.0,25.2,0.5,0.0,0.0,2.4,8.1,0.4,0.0,0.1,27.2,0.4,0.4,1.1,0.0,0.0,0.0,2.4,31.9
Atuna_indica,0.956,0.0,0.0,0.0,0.0,0.0,0.0,47.2,0.3,0.0,0.0,0.0,0.0,0.0,14.9,0.0,0.3,0.3,0.9,7.2,28.8
Atuna_travancorica,0.665,0.0,0.0,2.3,1.9,0.2,0.0,28.3,0.0,0.0,0.0,0.0,0.0,0.0,0.1,0.0,0.0,64.3,0.0,2.9,0.0
Baccaurea_courtallensis,0.945,0.0,1.4,4.4,1.2,0.0,0.6,9.4,0.0,0.0,0.2,2.5,1.4,0.0,0.0,0.2,0.6,2.8,10.3,48.4,16.7
Beilschmiedia_dalzellii,0.856,0.8,4.7,0.9,0.1,0.1,4.8,3.8,0.1,0.0,0.5,0.5,1.0,6.6,0.5,1.5,48.6,1.5,7.0,1.3,15.9
Beilschmiedia_wightii,0.948,2.8,0.4,0.0,1.2,0.0,2.0,0.5,16.1,6.1,0.0,0.0,1.4,0.0,0.0,0.0,0.0,0.0,0.0,65.6,3.9
Bhesa_indica,0.982,8.9,3.2,0.4,7.1,24.8,0.0,3.2,4.0,3.1,0.0,0.0,0.0,0.0,41.2,3.0,0.0,0.0,0.1,0.9,0.0
Bischofia_javanica,0.842,0.0,0.0,0.0,1.8,0.0,7.0,0.0,13.0,0.9,0.0,0.0,0.3,2.1,3.7,3.0,24.8,2.2,0.1,37.8,3.4
Blachia_denudata,0.959,0.0,6.1,0.0,3.5,0.0,0.0,3.7,0.0,0.0,0.0,0.0,2.6,55.8,4.8,0.0,0.0,0.0,9.4,7.3,6.9
Blepharistemma_serratum,0.897,0.0,14.3,0.0,0.0,0.0,0.0,37.7,0.0,0.0,0.0,0.0,0.0,0.0,0.0,0.0,0.0,0.0,3.7,15.1,29.2
Bombax_ceiba,0.773,0.0,3.2,0.0,0.0,0.0,0.0,0.0,0.0,5.1,0.0,2.1,18.7,0.5,24.3,5.2,0.0,5.7,16.4,13.4,5.3
Bridelia_stipularis,0.897,0.0,0.0,0.2,1.6,0.0,0.0,0.0,0.0,0.0,0.0,0.0,0.0,0.0,2.5,70.0,0.0,0.0,19.7,3.2,2.9
Callicarpa_tomentosa,0.888,0.0,3.2,8.0,0.0,0.0,2.3,0.1,0.0,0.0,0.0,0.0,23.3,5.0,2.1,2.3,34.5,0.0,12.5,3.7,2.9
Calophyllum_apetalum,0.951,0.0,2.7,0.1,28.1,0.0,0.1,0.0,0.0,0.0,0.0,0.0,0.8,41.4,0.0,4.8,0.0,0.1,17.5,4.3,0.0
Calophyllum_austroindicum,0.924,0.0,26.6,0.0,5.5,5.6,0.0,8.0,0.0,0.0,0.0,0.0,0.0,0.7,52.7,0.0,0.0,0.0,0.9,0.0,0.0
Calophyllum_tomentosum,0.928,0.0,0.9,20.7,2.1,0.5,0.1,0.2,0.1,2.3,0.0,3.2,14.8,0.2,0.3,0.0,0.8,3.1,0.1,13.1,37.6
Canarium_strictum,0.911,4.9,2.7,7.2,4.0,0.0,3.1,3.0,1.9,0.1,0.0,0.0,25.3,3.3,1.6,0.6,0.0,0.0,0.0,26.6,15.7
Canthium_rheedei,0.989,0.0,0.1,2.1,1.3,0.0,0.0,0.0,0.0,0.0,0.0,0.0,0.0,11.0,0.2,54.6,0.0,0.0,20.8,5.3,4.6
Capparis_baducca,0.947,0.0,6.5,0.0,37.7,0.0,0.0,0.0,0.0,0.0,0.0,1.4,0.0,0.0,0.0,0.0,0.0,0.0,1.3,14.0,39.1
Carallia_brachiata,0.934,0.0,0.6,0.0,4.0,0.0,0.0,2.5,0.1,0.0,0.0,0.0,12.0,6.9,0.0,3.6,58.6,1.5,2.9,1.8,5.5
Carissa_carandas,0.968,0.0,0.0,3.3,0.0,0.0,0.0,0.0,0.2,0.0,0.0,0.0,0.0,12.6,0.2,63.7,0.0,0.1,14.6,0.3,4.9
Carissa_spinarum,0.998,0.0,0.0,0.0,0.0,0.0,0.0,0.0,0.0,0.0,0.0,0.0,0.0,0.0,4.4,93.7,0.0,0.0,0.0,0.0,1.9
Caryota_urens,0.741,0.0,0.0,2.7,1.7,0.0,3.0,0.4,0.0,0.0,0.0,0.2,12.6,4.9,2.0,0.8,48.5,1.0,4.3,1.6,16.2
Casearia_ovata,0.791,0.7,5.1,18.9,0.8,0.0,1.2,3.6,5.4,0.0,4.5,0.0,33.7,3.6,5.4,0.5,6.5,0.5,0.4,6.3,3.0
Casearia_rubescens,0.748,4.8,19.4,0.0,6.8,32.2,2.1,11.6,5.2,0.0,8.4,0.0,0.0,0.2,3.4,0.0,0.0,0.0,5.2,0.0,0.7
Casearia_wynadensis,0.987,0.0,0.3,0.0,0.1,0.0,0.8,0.4,9.4,6.2,0.0,0.0,7.5,0.0,1.0,3.4,5.6,15.5,0.2,48.2,1.4
Celtis_philippensis,0.752,0.0,0.0,1.4,12.9,0.0,0.0,0.0,0.4,0.0,0.0,0.0,0.0,10.8,11.5,41.6,0.0,1.9,19.3,0.3,0.0
Celtis_timorensis,0.643,0.0,0.0,0.0,0.0,0.0,0.0,0.0,0.0,0.0,0.0,0.0,0.0,0.0,0.0,0.0,0.0,0.0,0.0,8.1,91.9
Chassalia_curviflora,0.853,0.0,0.1,0.0,26.6,0.0,0.0,41.9,0.0,0.0,0.0,0.0,0.0,0.0,0.0,0.0,0.0,0.0,0.0,0.0,31.4
Chionanthus_courtallensis,0.994,0.0,0.0,0.3,4.0,0.0,0.0,2.8,0.0,0.0,0.0,0.0,0.0,0.0,87.5,5.4,0.0,0.0,0.0,0.0,0.0
Chionanthus_mala-elengi,0.775,0.0,0.0,0.0,0.0,0.0,0.0,0.0,0.0,0.0,0.0,0.0,0.0,0.0,0.0,56.9,0.0,0.0,0.0,42.9,0.1
Chionanthus_ramiflorus,0.983,6.9,9.8,0.0,0.0,0.0,0.0,0.0,0.0,6.6,0.0,0.0,6.7,0.0,0.0,0.1,0.0,2.0,0.0,61.4,6.5
Chrysophyllum_flexuosum,0.786,0.0,0.0,0.0,17.8,0.0,0.9,0.0,2.9,0.0,0.0,0.0,0.0,55.0,0.0,0.2,0.0,0.0,14.0,0.0,9.4
Chukrasia_tabularis,0.803,0.0,6.7,0.0,0.0,0.1,0.0,0.0,0.0,0.0,0.0,0.0,9.0,0.0,11.0,0.0,0.0,0.0,0.0,40.7,32.5
Cinnamomum_filipedicellatum,0.995,0.0,16.8,0.3,3.4,0.0,0.0,17.4,0.0,1.5,6.6,0.0,0.0,0.0,51.1,0.0,0.0,0.0,2.4,0.0,0.6
Cinnamomum_keralaense,0.265,0.0,4.2,0.0,31.4,25.4,0.0,27.1,0.0,0.0,0.0,0.0,0.0,0.1,0.0,3.6,0.0,0.0,0.0,8.2,0.0
Cinnamomum_macrocarpum,0.658,0.0,9.5,0.0,13.8,0.0,0.0,17.3,0.0,0.0,0.0,0.0,0.0,0.0,24.3,0.0,0.0,0.0,0.0,0.0,35.0
Cinnamomum_malabatrum,0.855,1.5,7.4,4.0,2.5,13.7,0.4,0.6,2.3,0.3,0.1,1.8,29.0,0.3,4.9,0.2,2.2,4.5,3.6,7.2,13.6
Cinnamomum_sulphuratum,0.962,0.0,49.0,0.0,0.0,0.0,0.0,2.6,0.0,0.0,15.9,0.0,0.0,0.0,0.0,0.0,0.0,0.0,0.0,4.7,27.8
Cinnamomum_verum,0.901,0.0,0.8,1.3,0.0,0.0,0.0,0.0,0.0,0.0,0.0,0.0,4.0,56.5,0.0,6.6,0.0,0.2,8.4,7.6,14.7
Clausena_anisata,0.518,0.0,5.3,0.0,11.0,5.5,0.0,1.7,0.0,0.0,0.0,0.0,35.6,18.8,4.4,0.0,4.9,2.8,2.2,0.1,7.6
Clausena_austroindica,0.658,0.0,1.6,0.0,0.0,0.0,0.0,55.1,0.0,0.0,0.0,0.0,0.0,0.0,0.0,0.0,0.0,0.0,0.0,0.0,43.3
Clausena_indica,0.88,6.9,1.7,1.7,0.9,0.0,2.9,0.0,8.6,0.0,0.0,2.9,21.2,8.2,5.9,0.3,0.5,0.0,0.0,30.7,7.6
Cleidion_javanicum,0.878,0.0,0.0,3.6,4.9,0.0,0.0,32.9,0.0,0.0,0.0,0.0,0.0,0.0,0.0,3.1,0.0,5.5,0.0,0.0,49.9
Cleistanthus_malabaricus,0.994,0.0,0.0,0.0,36.7,0.0,0.0,0.0,0.0,0.0,0.0,0.0,8.0,0.9,0.0,0.0,0.0,0.0,0.0,0.0,54.5
Cleistanthus_travancorensis,0.848,0.0,0.0,2.1,0.0,0.0,0.0,0.0,11.2,1.9,0.0,0.0,17.5,0.0,0.0,0.0,0.0,0.0,0.5,66.8,0.0
Clerodendrum_infortunatum,0.655,5.6,13.1,0.0,3.2,14.9,2.2,3.0,4.7,0.0,4.6,0.0,1.4,0.0,12.3,0.0,0.0,2.4,6.0,15.3,11.3
Connarus_wightii,0.979,0.0,1.1,0.0,6.9,0.0,0.0,0.0,0.0,0.0,0.0,0.0,0.0,9.4,0.0,46.5,0.0,0.0,35.3,0.0,0.7
Croton_malabaricus,0.915,0.0,0.8,6.4,0.0,0.0,0.6,4.5,0.0,0.8,0.0,0.1,4.5,0.0,14.5,0.3,0.0,13.6,1.1,29.2,23.7
Croton_zeylanicus,0.822,6.8,12.4,0.0,0.0,0.0,0.0,0.0,0.0,6.4,0.0,0.0,4.0,0.0,55.3,0.0,0.0,0.0,0.0,0.0,15.2
Cryptocarya_anamalayana,0.875,0.0,0.0,3.3,1.0,0.8,0.5,0.0,6.4,0.0,7.0,4.0,9.2,0.0,1.3,0.0,3.3,0.4,0.4,41.4,21.1
Cryptocarya_beddomei,0.914,0.0,0.2,4.6,1.5,0.0,0.0,5.3,6.9,0.0,0.0,0.1,16.8,0.0,0.2,1.9,2.3,0.8,2.2,46.8,10.3
Cryptocarya_lawsonii,0.911,1.4,1.9,5.7,0.3,0.1,0.0,2.8,0.8,2.4,17.4,0.0,21.7,1.6,3.4,0.2,0.0,1.2,0.0,20.8,18.3
Cryptocarya_stocksii,0.994,0.0,0.0,8.0,9.2,0.0,0.0,9.1,16.3,0.0,8.7,0.0,26.9,0.0,5.3,0.0,0.0,0.6,0.0,0.1,15.8
Cryptocarya_wightiana,0.869,0.0,1.0,1.8,2.9,0.0,0.3,0.0,0.0,0.0,0.1,0.0,27.2,0.0,18.2,1.8,28.8,0.1,8.6,8.8,0.5
Cyathocalyx_zeylanicus,0.966,0.0,8.3,0.1,0.3,0.0,0.0,51.2,0.0,0.0,0.0,0.0,0.0,0.0,0.0,0.0,0.0,0.0,0.3,4.9,35.0
Cynometra_travancorica,0.941,0.0,13.8,0.0,0.0,0.0,2.0,29.0,0.0,0.0,0.0,0.0,0.0,0.0,0.0,0.0,0.0,0.0,0.0,29.6,25.6
Dendrocnide_sinuata,0.812,0.2,2.2,0.0,2.8,2.8,0.0,40.1,4.9,0.2,6.2,0.9,0.0,1.9,9.8,0.1,0.2,7.1,4.3,2.9,13.4
Dichapetalum_gelonioides,0.875,0.9,6.9,17.4,0.1,0.0,1.4,0.0,0.0,0.1,2.7,0.0,7.3,9.7,0.0,4.3,0.6,1.0,0.3,13.5,33.8
Dillenia_bracteata,0.985,0.0,23.9,0.0,0.0,5.8,0.0,26.4,0.0,2.4,0.0,0.0,1.5,0.0,0.0,0.5,0.0,0.0,0.0,14.0,25.5
Dimocarpus_longan,0.847,4.0,8.3,2.3,5.0,9.6,1.1,0.4,4.3,0.3,0.9,0.9,25.3,0.6,1.1,1.9,4.3,7.7,5.3,11.3,5.2
Dimorphocalyx_beddomei,0.928,0.4,8.5,1.2,0.0,4.6,0.0,56.0,3.3,2.8,0.0,2.6,0.0,0.0,0.0,0.2,0.0,0.7,4.3,0.3,15.0
Dimorphocalyx_glabellus,0.814,0.0,0.0,0.0,0.0,0.0,0.0,0.0,0.0,0.1,0.0,0.5,0.0,0.0,0.8,64.9,14.3,0.8,4.0,14.5,0.1
Diospyros_bourdillonii,0.947,0.0,5.4,1.9,0.0,1.2,5.9,26.3,0.0,0.0,0.0,0.0,0.0,0.0,0.0,0.0,0.0,0.5,0.2,54.6,4.1
Diospyros_buxifolia,0.959,0.0,7.8,7.8,1.2,0.0,6.7,22.4,0.0,1.7,0.0,0.3,6.5,1.3,2.2,1.1,0.4,0.1,5.8,4.3,30.5
Diospyros_candolleana,0.943,0.0,0.6,7.0,1.1,0.1,0.0,0.1,0.0,0.0,0.0,0.0,3.4,0.4,2.3,7.9,45.5,0.4,9.0,2.7,19.6
Diospyros_crumenata,0.963,0.0,0.0,0.6,4.8,0.0,0.0,0.0,0.0,0.0,0.0,3.2,0.0,0.0,1.6,0.0,65.6,10.3,10.4,0.0,3.5
Diospyros_ebenum,0.937,0.0,0.2,0.7,0.1,0.0,2.2,12.4,0.0,1.4,0.0,0.2,3.8,0.0,1.2,2.4,3.7,0.0,3.5,19.2,48.9
Diospyros_ferrea,0.934,0.0,0.0,3.7,0.8,0.0,0.0,0.0,8.8,0.0,0.0,0.0,0.0,34.6,0.6,45.4,0.7,0.1,2.4,0.6,2.2
Diospyros_ghatensis,0.944,0.0,0.7,0.3,0.3,0.0,0.0,8.2,0.0,1.8,0.0,3.2,11.1,0.0,0.4,1.5,0.1,8.6,0.0,50.8,13.0
Diospyros_kedam,0.999,0.0,23.2,0.0,0.0,0.0,0.8,6.1,10.1,0.8,0.0,0.0,5.2,0.0,5.7,6.1,10.2,0.0,0.1,19.1,12.7
Diospyros_malabarica,0.131,0.0,0.0,0.0,0.0,0.0,6.9,0.0,0.0,0.0,0.0,0.0,0.0,0.0,72.6,0.0,0.0,0.0,10.1,0.0,10.3
Diospyros_montana,0.883,0.0,2.8,0.9,0.0,0.0,7.9,9.6,0.0,0.0,0.0,0.7,22.4,1.5,11.1,1.7,0.0,1.3,37.6,0.0,2.6
Diospyros_nilagirica,0.859,0.0,0.3,0.0,0.0,0.0,0.0,93.2,0.1,0.0,0.0,0.0,0.0,0.0,0.0,0.0,0.0,4.9,0.0,0.0,1.5
Diospyros_oocarpa,0.855,0.0,0.2,15.1,1.7,0.0,0.0,0.0,0.0,0.0,0.1,5.2,0.5,29.7,12.3,0.1,13.9,0.0,4.3,1.7,15.2
Diospyros_paniculata,0.93,0.0,8.0,8.7,12.3,0.0,0.0,6.2,0.0,0.0,0.0,0.1,22.1,4.4,0.0,0.6,2.2,5.1,0.3,3.7,26.2
Diospyros_pruriens,0.892,0.0,0.0,0.2,0.9,4.0,0.0,36.6,19.0,0.9,0.0,0.0,16.1,0.0,6.1,0.9,0.9,9.5,2.5,2.3,0.0
Diospyros_ridleyi,0.986,0.2,0.0,0.0,15.3,0.0,0.0,0.0,0.0,0.0,0.0,0.0,0.0,62.6,2.3,0.0,0.0,0.0,0.0,6.7,12.9
Diospyros_saldanhae,0.968,0.0,0.0,30.3,0.1,0.0,0.0,0.0,3.1,0.0,0.0,0.0,0.1,2.2,0.5,0.6,37.6,1.0,3.7,7.2,13.6
Diospyros_sylvatica,0.832,0.0,1.1,6.8,0.0,0.0,3.3,0.0,13.9,0.0,0.0,3.1,40.9,0.3,4.1,3.7,1.1,6.1,0.8,11.5,3.3
Diploclisia_glaucescens,0.839,0.0,0.0,0.0,0.0,0.0,0.0,0.0,0.0,0.0,0.0,0.0,0.0,0.0,0.3,99.0,0.0,0.0,0.5,0.2,0.0
Dipterocarpus_bourdillonii,0.943,0.0,3.9,0.0,0.6,0.0,0.0,92.7,0.0,0.0,0.0,0.0,0.0,0.0,0.0,0.0,0.0,2.5,0.0,0.0,0.4
Dipterocarpus_indicus,0.937,0.3,0.3,16.4,3.0,0.0,0.1,0.3,1.8,2.3,0.0,2.2,16.3,6.3,0.4,0.0,0.0,2.4,0.4,18.5,29.0
Discospermum_sphaerocarpum,0.965,0.3,6.4,0.6,0.0,21.1,0.3,41.5,5.7,2.0,0.0,3.0,0.0,0.0,9.4,0.0,0.0,0.3,7.1,0.5,1.9
Donella_lanceolata,0.872,4.2,2.7,0.0,5.0,0.0,4.7,7.1,0.0,0.1,2.5,0.0,12.0,2.5,1.0,0.6,0.0,6.1,0.7,36.8,14.2
Dracaena_elliptica,0.963,0.0,0.0,24.9,26.9,0.0,0.0,23.5,0.0,0.0,0.0,0.0,0.0,0.0,6.3,0.0,0.0,0.2,0.0,3.4,14.6
Drypetes_confertiflora,0.937,0.3,0.4,18.8,1.0,1.1,2.7,13.8,0.0,0.0,0.3,0.5,6.2,0.0,0.0,3.0,0.0,0.0,0.0,3.6,48.3
Drypetes_malabarica,0.829,0.5,12.7,2.1,13.1,0.0,0.0,13.5,0.0,0.0,0.0,0.0,0.0,1.3,8.4,5.2,0.0,40.8,0.4,0.0,2.2
Drypetes_oblongifolia,0.957,0.0,1.9,8.1,0.0,0.2,0.0,0.0,3.5,0.0,3.2,3.0,7.8,1.9,7.2,0.0,0.1,9.4,0.6,44.6,8.4
Drypetes_venusta,0.887,0.0,2.7,1.5,0.0,0.0,4.7,2.3,0.0,1.1,0.0,0.3,24.0,0.1,7.4,0.3,0.0,9.2,2.7,12.7,31.0
Drypetes_wightii,0.896,0.0,1.5,2.4,12.1,8.1,0.0,63.5,1.1,0.0,0.0,0.0,0.0,0.0,0.0,0.0,0.0,0.4,0.0,0.0,10.9
Durio_exarillatus,0.972,1.3,2.5,2.4,0.1,0.0,0.0,0.6,0.0,0.3,10.2,5.4,13.2,0.0,44.1,0.0,0.0,19.1,0.1,0.8,0.0
Dysoxylum_gotadhora,0.76,0.0,0.4,0.0,0.0,0.0,0.0,0.0,0.0,0.0,0.0,0.6,2.7,6.5,0.0,48.2,0.0,13.4,0.7,0.8,26.6
Dysoxylum_malabaricum,0.859,0.1,3.4,27.3,0.2,0.0,9.7,9.1,0.0,0.3,3.0,0.1,27.2,0.0,1.4,0.2,0.6,0.4,3.3,2.5,11.1
Elaeagnus_conferta,0.886,0.0,0.0,0.0,0.0,0.0,0.0,0.0,0.0,0.0,0.0,0.0,0.0,0.0,0.0,87.1,0.0,0.0,0.9,12.0,0.0
Elaeocarpus_munroii,0.944,0.0,0.2,0.0,4.7,40.5,0.0,13.8,0.0,1.1,0.0,1.1,0.0,0.0,0.0,0.0,0.0,0.0,0.0,38.5,0.1
Elaeocarpus_serratus,0.94,0.0,1.1,14.9,3.9,0.0,3.9,0.0,0.0,0.0,0.0,0.0,27.8,12.8,5.4,0.1,1.5,2.5,2.8,1.7,21.5
Elaeocarpus_tuberculatus,0.931,1.2,4.9,6.9,1.8,0.0,1.0,1.2,0.0,0.1,3.0,1.3,39.2,0.0,0.0,2.6,0.0,0.0,0.0,30.2,6.4
Elaeocarpus_variabilis,0.891,0.0,0.0,0.0,61.9,0.0,0.0,0.0,8.3,0.0,21.8,0.0,1.0,0.0,0.0,0.0,0.0,0.0,0.0,0.0,7.0
Elaeocarpus_venustus,0.999,0.0,0.0,2.6,0.0,0.0,0.0,0.2,0.0,0.0,0.0,0.0,0.1,0.0,60.8,35.5,0.0,0.0,0.0,0.8,0.0
Elaeodendron_paniculatum,0.953,0.0,7.8,2.7,0.6,0.2,0.0,0.0,2.8,0.0,0.0,0.0,1.0,0.0,0.0,31.9,0.8,0.0,50.1,1.7,0.3
Entada_rheedei,0.997,0.0,0.0,0.0,0.0,0.0,0.0,0.0,0.2,0.0,0.4,5.1,0.0,12.5,0.0,14.6,0.0,0.0,35.2,4.6,27.4
Epiprinus_mallotiformis,0.907,0.0,22.4,0.6,0.0,8.9,0.0,16.5,0.3,1.1,5.6,3.3,0.0,0.0,39.6,0.3,0.0,0.0,1.3,0.0,0.0
Erythroxylum_moonii,0.972,0.0,0.6,0.0,37.0,7.7,0.0,41.1,0.0,0.0,0.0,0.0,0.0,0.0,6.4,0.0,0.0,2.9,0.2,4.2,0.0
Eugenia_codyensis,0.907,0.0,6.2,0.0,0.0,0.0,0.0,10.6,21.7,0.0,0.0,0.0,0.0,0.0,14.6,0.0,0.0,3.9,0.1,42.8,0.0
Eugenia_kalamii,0.734,0.0,0.0,0.0,3.5,0.0,0.0,0.0,0.0,0.0,0.0,0.0,0.0,53.9,0.0,27.1,0.0,0.0,5.1,0.0,10.4
Eugenia_macrocalyx,0.985,0.0,0.0,6.9,1.8,0.0,0.0,0.3,0.0,0.0,0.0,0.0,8.6,10.9,5.8,2.0,40.4,1.0,3.1,5.6,13.7
Eugenia_mooniana,0.92,2.1,1.0,1.3,0.0,0.9,5.0,3.2,14.7,0.0,0.0,0.0,15.1,0.0,35.3,2.0,0.0,6.9,0.0,1.8,10.7
Euonymus_angulatus,0.988,2.0,0.0,2.5,22.7,1.7,0.0,5.6,27.2,0.0,2.6,0.0,8.7,0.0,4.4,0.0,0.0,2.8,0.0,0.0,19.8
Euonymus_dichotomus,0.998,0.0,0.1,0.0,0.0,0.0,0.0,0.0,0.0,0.0,0.0,0.0,0.0,3.5,77.5,13.5,1.1,0.0,4.3,0.0,0.0
Euonymus_indicus,0.975,0.0,4.7,13.6,1.6,0.0,0.2,8.1,0.0,0.3,7.6,0.0,21.7,0.0,0.3,4.1,6.8,2.2,1.6,26.2,0.9
Eurya_nitida,0.957,0.0,18.6,0.0,10.2,0.0,0.0,7.8,20.5,0.0,13.4,0.5,4.7,0.0,0.0,0.0,0.0,0.0,0.0,24.3,0.0
Excoecaria_oppositifolia,0.998,5.4,21.1,6.0,0.1,0.0,0.0,60.2,5.1,0.0,0.0,0.0,0.0,0.0,0.0,0.0,0.9,0.0,0.0,0.0,1.2
Falconeria_insignis,0.566,0.0,0.0,0.0,0.0,0.0,0.0,0.0,0.0,0.0,0.0,10.1,0.0,0.0,22.9,25.0,0.0,9.9,0.0,32.0,0.0
Ficus_beddomei,0.926,1.4,1.3,3.9,44.9,3.1,0.0,2.8,0.0,0.0,4.4,0.0,0.0,0.0,1.1,0.0,0.0,2.9,5.6,0.0,28.7
Ficus_callosa,0.697,0.0,0.0,0.0,44.7,0.0,0.1,0.0,0.0,0.0,0.0,0.0,17.5,0.0,2.9,0.0,0.0,0.0,5.4,26.6,2.9
Ficus_exasperata,0.896,0.0,0.0,0.0,0.0,0.0,0.0,0.0,0.4,0.0,0.0,5.3,9.4,0.0,0.0,0.0,0.0,26.7,0.0,0.0,58.2
Ficus_hispida,0.592,0.0,0.0,2.1,0.0,0.0,3.2,0.8,0.3,0.0,0.0,0.0,4.7,0.0,2.1,38.3,2.2,0.0,4.0,14.7,27.6
Ficus_microcarpa,0.741,0.0,0.0,0.0,0.0,0.0,0.2,0.0,0.0,0.0,0.0,0.0,50.9,9.7,0.0,0.0,0.0,0.0,0.0,39.1,0.0
Ficus_nervosa,0.803,0.0,17.7,5.9,0.0,0.0,3.5,3.1,6.9,0.7,0.0,0.0,19.7,9.2,0.1,0.7,21.0,0.6,2.9,1.1,6.7
Ficus_racemosa,0.938,0.0,0.0,0.0,1.4,0.0,0.0,0.2,0.0,0.0,0.0,0.0,0.1,0.0,0.5,94.5,0.3,3.1,0.0,0.0,0.0
Ficus_talbotii,0.496,0.0,42.1,0.0,0.0,1.2,0.0,0.0,35.5,0.0,0.0,0.0,0.0,0.0,0.0,0.0,0.0,0.0,0.0,14.3,7.0
Ficus_tsjakela,0.579,0.0,0.0,0.0,15.0,0.0,0.0,0.0,0.0,0.0,0.0,0.0,18.1,29.8,0.0,0.0,0.0,0.0,7.8,26.0,3.4
Ficus_virens,0.678,3.9,0.5,0.0,31.8,4.0,2.4,0.0,0.0,0.0,16.9,0.0,17.1,3.8,12.2,0.0,3.9,0.0,0.0,0.0,3.2
Filicium_decipiens,0.63,0.0,0.0,10.2,0.0,0.0,0.0,0.0,0.0,0.0,0.0,0.5,0.0,0.0,72.9,11.5,0.0,0.0,4.8,0.0,0.0
Flacourtia_montana,0.822,0.0,1.5,10.6,3.5,0.0,9.4,0.5,0.1,0.1,0.0,0.0,35.8,4.4,7.5,0.1,4.6,0.1,16.4,2.0,3.4
Garcinia_gummi-gutta,0.869,0.3,18.8,9.9,5.8,0.0,2.1,4.8,10.2,0.0,0.0,0.0,13.5,0.6,0.0,0.0,2.0,0.0,0.7,17.2,14.0
Garcinia_indica,0.855,0.0,0.7,8.0,2.9,0.0,0.6,0.0,0.8,0.0,0.0,0.0,9.4,0.0,0.4,0.0,31.5,13.3,16.8,3.2,12.4
Garcinia_morella,0.902,5.9,9.6,34.5,0.0,0.0,1.5,0.1,0.0,1.0,8.8,0.8,17.7,5.0,0.0,0.0,3.0,0.3,1.0,6.0,4.6
Garcinia_rubroechinata,0.987,0.0,4.3,0.0,0.0,0.0,0.0,0.0,0.0,0.0,0.0,0.0,0.0,0.0,0.0,95.7,0.0,0.0,0.0,0.0,0.0
Garcinia_spicata,0.536,3.0,0.0,0.0,0.0,0.0,0.0,0.0,0.0,0.3,0.0,0.0,0.0,0.0,0.0,51.4,0.0,1.4,0.0,40.1,3.8
Garcinia_talbotii,0.93,0.5,5.1,1.2,0.5,16.9,0.2,0.0,0.2,0.0,0.0,1.4,34.1,4.0,0.0,5.5,0.0,15.8,7.3,1.1,6.3
Glochidion_ellipticum,0.861,0.0,2.5,5.9,2.4,0.0,1.9,0.8,0.7,0.1,0.0,1.4,26.8,7.4,0.7,0.6,16.4,0.7,11.8,3.1,16.9
Glochidion_heyneanum,0.415,0.0,6.3,0.0,0.0,0.0,0.0,0.0,0.0,0.0,0.0,0.0,0.0,0.0,0.0,69.0,0.0,0.3,20.6,3.7,0.2
Glochidion_hohenackeri,0.999,0.0,0.0,0.0,0.0,0.0,0.0,0.0,16.6,0.0,0.1,0.0,0.0,0.0,0.0,54.4,0.0,0.0,24.3,4.6,0.0
Glochidion_zeylanicum,0.752,0.0,0.1,0.0,0.0,0.0,0.0,0.0,0.0,0.0,0.0,0.0,0.0,0.0,4.6,93.3,0.0,0.0,0.0,0.0,2.0
Gluta_travancorica,0.999,0.0,19.4,0.0,0.0,0.0,0.0,0.0,0.0,0.0,0.0,0.0,0.0,0.0,79.4,0.6,0.0,0.0,0.6,0.0,0.0
Glycosmis_macrocarpa,0.888,0.0,6.4,0.1,6.3,0.4,0.0,67.5,6.4,0.0,0.0,0.0,3.7,0.0,0.1,0.0,0.0,0.0,6.5,0.0,2.6
Glycosmis_pentaphylla,0.895,0.0,0.1,6.6,2.2,0.0,0.8,0.1,1.2,0.0,0.0,5.2,7.8,33.4,0.0,5.0,0.5,0.8,0.7,4.1,31.5
Gnetum_edule,0.968,0.0,0.4,1.8,6.6,0.3,0.0,0.0,0.0,0.6,0.0,6.3,1.9,0.0,0.1,34.2,2.7,0.0,28.9,5.6,10.6
Gomphandra_coriacea,0.982,1.3,8.8,0.7,0.0,8.8,0.4,16.3,0.0,0.0,9.1,7.3,0.3,0.0,41.1,0.0,0.0,2.1,0.2,3.5,0.0
Gomphandra_tetrandra,0.874,0.0,11.8,7.7,0.0,0.0,2.1,0.0,1.4,1.3,0.0,0.7,21.2,0.0,4.3,0.0,0.0,8.9,0.1,31.5,8.8
Goniothalamus_cardiopetalus,0.923,0.0,20.6,0.0,3.9,2.7,0.0,10.1,0.9,0.1,0.0,0.0,0.0,0.0,0.0,4.0,0.0,0.0,1.0,51.3,5.4
Goniothalamus_rhynchantherus,0.942,0.0,0.0,2.8,0.0,0.0,2.6,3.4,0.0,0.0,0.0,1.0,0.0,4.2,51.9,22.1,0.0,0.0,0.3,0.0,11.8
Goniothalamus_thwaitesii,0.981,0.0,3.6,0.0,0.0,0.0,0.0,80.0,0.0,0.0,0.0,0.0,0.0,0.0,0.0,0.0,0.0,0.0,0.0,16.4,0.0
Goniothalamus_wightii,0.995,0.0,0.7,0.0,3.0,0.1,0.0,0.0,0.0,0.0,0.0,0.0,0.0,0.5,89.9,5.7,0.1,0.0,0.0,0.0,0.0
Gordonia_obtusa,0.965,2.4,17.7,0.0,0.0,0.0,0.0,8.0,0.0,3.1,0.0,0.0,1.0,0.0,0.0,0.0,0.0,14.1,0.0,53.2,0.6
Grewia_serrulata,0.853,0.0,0.0,0.0,0.0,0.0,0.0,0.0,23.2,0.0,4.5,0.0,0.0,0.0,0.0,12.9,0.0,0.0,0.0,33.3,26.2
Gymnacranthera_canarica,0.924,0.0,0.1,0.0,59.2,0.0,0.0,0.0,0.0,0.0,0.0,14.2,16.2,5.6,0.0,0.0,0.0,0.0,0.0,0.0,4.7
Harpullia_arborea,0.894,0.0,3.9,0.0,85.2,0.0,0.0,0.0,0.0,0.0,0.0,0.0,0.0,0.0,0.0,0.0,0.0,0.0,2.4,0.0,8.5
Helicia_nilagirica,0.901,0.0,18.0,0.0,0.0,8.6,0.0,70.9,0.0,0.2,0.0,0.0,0.0,0.0,0.0,0.0,0.0,2.2,0.1,0.0,0.0
Heptapleurum_ellipticum,0.995,0.0,2.9,0.0,0.6,0.0,0.0,0.0,0.0,0.0,2.2,0.0,0.0,0.0,0.0,87.8,0.0,0.0,2.2,0.0,4.2
Heritiera_papilio,0.908,0.0,15.5,0.7,0.0,0.1,0.1,0.0,0.0,0.1,34.2,1.7,2.8,0.0,0.4,0.0,0.3,1.0,0.1,38.6,4.5
Heynea_trijuga,0.923,0.0,5.1,0.3,0.0,0.0,24.0,1.9,0.0,0.0,0.0,0.0,24.7,24.3,2.8,4.7,0.0,4.9,1.1,0.3,5.9
Holigarna_arnottiana,0.896,0.0,0.4,10.5,1.4,0.0,0.9,0.1,0.1,0.5,0.5,0.0,29.1,21.5,12.7,5.5,0.4,3.5,6.9,0.9,5.4
Holigarna_beddomei,0.953,0.0,3.8,0.0,34.7,0.0,0.0,0.0,0.0,0.0,0.0,0.0,0.0,0.0,0.4,0.0,0.0,0.0,0.0,11.6,49.6
Holigarna_ferruginea,0.947,0.0,1.3,2.5,0.0,0.0,4.4,3.9,15.9,0.9,0.0,0.0,10.4,0.0,0.0,0.0,4.6,7.3,0.0,39.4,9.3
Holigarna_grahamii,0.928,0.0,0.2,4.4,1.4,0.0,0.1,1.6,0.0,0.0,14.6,2.6,3.5,38.2,1.7,1.6,15.3,1.2,3.2,2.4,8.0
Holigarna_nigra,0.934,0.6,0.3,0.5,4.8,0.7,0.0,2.4,0.2,0.0,18.4,2.4,23.7,0.4,13.8,0.0,0.0,0.0,0.3,31.2,0.3
Homalium_ceylanicum,0.838,0.0,15.6,0.0,0.0,0.0,0.1,1.0,0.0,0.0,0.0,0.4,7.4,11.1,0.1,5.2,0.0,2.3,5.4,50.7,0.7
Hopea_canarensis,0.996,0.0,0.0,1.1,0.0,0.0,0.0,0.0,5.9,0.0,0.5,0.0,0.2,0.0,6.5,0.4,0.0,0.5,1.9,76.0,7.0
Hopea_erosa,0.866,0.0,12.4,0.0,0.0,0.0,0.0,61.2,3.0,0.0,0.0,0.0,0.0,0.0,4.3,0.0,0.0,17.2,1.9,0.0,0.0
Hopea_glabra,0.933,0.0,2.2,0.0,54.9,2.7,0.0,29.8,0.0,0.0,0.0,0.0,0.0,0.0,7.2,0.0,0.0,0.0,0.0,3.2,0.0
Hopea_parviflora,0.9,0.0,13.2,6.0,0.2,0.0,0.1,0.0,0.0,0.0,0.0,0.1,2.9,0.0,0.1,0.0,0.5,0.8,0.7,33.5,41.9
Hopea_ponga,0.947,0.2,0.9,18.2,0.2,0.0,0.0,0.0,3.2,0.0,0.4,1.0,0.0,36.3,8.2,0.7,0.0,0.0,2.2,6.6,22.0
Hopea_racophloea,0.847,0.0,12.4,0.0,0.0,0.0,0.0,66.9,0.0,0.0,0.0,0.0,0.0,0.0,0.0,0.0,0.0,0.0,0.0,0.0,20.7
Humboldtia_brunonis,0.976,0.0,5.5,0.0,0.3,0.0,0.0,10.3,1.5,0.0,0.0,0.0,0.0,0.0,4.2,0.0,0.8,3.7,0.0,60.4,13.3
Humboldtia_decurrens,0.996,0.0,4.0,0.0,2.2,0.0,0.0,62.9,0.0,0.0,0.0,0.0,0.0,0.0,0.0,0.0,0.0,30.9,0.0,0.0,0.0
Humboldtia_vahliana,0.973,0.8,0.0,12.3,0.0,0.0,30.6,34.7,0.0,0.0,0.0,2.9,0.0,0.6,0.0,0.0,0.0,0.0,0.0,0.0,18.1
Hunteria_zeylanica,0.926,0.0,0.0,3.8,51.2,0.0,0.0,0.0,0.0,0.0,0.0,0.0,0.0,0.3,26.5,10.9,0.0,0.0,0.7,4.5,2.1
Hydnocarpus_alpina,0.946,0.7,6.7,0.0,0.0,1.9,0.0,43.9,0.0,0.0,0.0,0.0,0.0,0.0,37.0,0.0,0.8,1.9,0.0,1.1,6.1
Hydnocarpus_macrocarpa,0.982,0.0,0.1,0.0,13.9,0.0,0.0,0.0,0.0,0.2,0.7,0.0,0.0,0.0,2.6,0.0,0.0,0.0,1.7,23.2,57.7
Hydnocarpus_pentandrus,0.844,0.0,16.3,3.6,0.2,0.0,7.4,2.1,0.0,0.0,1.3,0.6,12.2,6.1,3.7,0.0,0.7,1.7,4.2,0.1,39.9
Isonandra_lanceolata,0.954,0.0,13.4,2.7,2.2,0.0,0.0,6.5,0.0,0.0,8.4,3.2,10.8,0.0,0.0,0.0,0.0,0.4,0.1,48.6,3.6
Ixora_alba,0.963,0.0,7.1,0.0,0.0,0.0,0.0,33.6,0.0,0.0,0.0,0.0,0.0,0.0,0.0,0.0,0.0,0.0,0.0,13.3,46.0
Ixora_brachiata,0.827,0.0,0.6,12.6,0.0,0.5,0.0,0.0,0.3,0.3,0.0,5.5,7.9,23.4,9.2,4.7,3.4,0.3,13.5,5.4,12.4
Ixora_elongata,0.994,0.0,3.3,0.0,0.0,0.0,0.0,1.0,0.0,1.9,2.1,3.2,0.2,11.2,0.9,0.0,0.2,18.5,0.0,42.6,15.0
Ixora_lanceolaria,0.973,0.0,3.5,0.0,48.5,0.0,0.0,0.0,0.0,0.0,0.0,0.0,0.0,0.0,0.0,0.0,0.0,0.0,0.0,0.0,48.0
Ixora_nigricans,0.833,0.0,6.3,0.8,0.2,0.0,0.0,7.6,0.0,0.0,13.5,6.6,20.0,4.5,0.4,1.4,0.0,2.7,0.2,12.1,23.7
Ixora_pavetta,0.853,0.0,0.0,0.0,0.0,0.0,0.0,0.0,0.0,0.1,0.0,4.6,0.0,0.0,0.0,60.1,0.0,0.0,0.0,31.3,3.8
Kingiodendron_pinnatum,0.915,0.0,15.2,0.9,0.0,0.0,7.0,60.6,0.0,0.0,0.0,0.3,0.0,0.0,0.8,0.0,2.0,0.0,2.3,7.5,3.4
Knema_attenuata,0.777,5.2,2.0,18.4,0.9,1.9,3.3,2.4,1.1,1.2,0.9,1.0,14.2,1.6,0.4,0.5,1.7,1.8,1.1,9.8,30.7
Lagerstroemia_microcarpa,0.891,0.0,0.1,0.0,0.5,0.0,5.2,5.6,0.0,0.0,0.0,0.0,1.1,33.6,15.7,0.7,2.9,0.1,31.5,0.3,2.7
Lasianthus_acuminatus,0.957,10.1,3.4,0.3,5.3,0.0,0.0,7.1,0.4,0.2,1.6,0.0,0.0,0.0,0.0,0.0,0.0,0.0,0.6,65.4,5.7
Lasianthus_jackianus,0.775,1.0,1.5,0.0,0.0,7.0,0.0,48.9,15.4,1.9,0.0,0.0,2.3,0.0,13.8,1.7,1.2,2.2,1.9,1.2,0.0
Lasianthus_rostratus,0.977,3.1,0.0,0.0,0.0,3.7,0.0,0.0,0.0,0.0,6.3,1.9,0.0,0.0,53.3,25.1,0.0,1.9,4.4,0.3,0.0
Lasiosiphon_glaucus,0.846,0.0,0.3,0.0,0.4,0.0,0.0,0.0,0.8,0.0,0.6,0.0,0.0,0.5,0.0,71.2,0.0,1.0,23.1,0.0,2.1
Leea_indica,0.861,0.0,0.6,1.1,0.9,0.0,4.6,3.0,0.1,0.0,0.0,0.0,9.8,29.2,0.8,22.0,0.0,0.0,7.9,2.9,17.1
Lepisanthes_erecta,0.871,0.0,0.0,0.0,5.0,22.0,0.0,55.4,5.9,0.0,3.4,0.0,3.7,0.0,0.0,0.0,0.0,0.0,0.0,0.0,4.5
Lepisanthes_tetraphylla,0.894,0.0,0.8,5.0,0.9,0.0,0.6,0.0,0.8,1.4,0.0,0.0,30.0,0.0,3.5,0.1,3.0,3.3,3.6,11.5,35.5
Leptonychia_caudata,0.993,0.0,25.7,0.0,0.0,0.0,0.0,71.0,0.0,0.0,0.0,0.0,0.0,0.0,0.0,0.0,0.0,0.0,0.1,3.2,0.0
Ligustrum_robustum,0.757,0.0,0.0,0.0,4.7,0.0,3.2,0.0,7.7,0.0,4.2,0.0,0.0,39.2,1.3,21.1,0.0,0.0,0.0,4.4,14.1
Litsea_floribunda,0.895,0.0,0.0,10.3,7.6,5.1,5.3,0.0,1.3,0.2,18.8,0.7,27.9,2.6,1.5,0.1,6.9,0.0,0.0,10.2,1.5
Litsea_ghatica,0.888,0.0,0.0,0.0,0.0,0.0,0.0,0.0,0.0,23.0,0.0,3.4,10.3,5.1,0.0,56.6,0.0,0.0,0.0,0.0,1.6
Litsea_glabrata,0.952,6.1,7.5,0.0,2.1,15.9,0.0,20.3,0.1,3.0,14.9,0.0,3.5,0.0,22.5,0.0,0.0,0.0,0.0,3.8,0.4
Litsea_keralana,0.902,0.0,3.1,1.1,2.5,0.0,0.0,0.7,0.0,0.2,6.9,0.0,20.8,0.0,1.8,0.0,0.9,0.0,0.1,49.1,12.7
Litsea_laevigata,0.888,0.0,9.4,10.4,0.3,5.1,1.7,2.2,7.2,0.0,0.0,0.0,22.6,4.1,5.2,1.5,13.1,0.0,4.8,7.8,4.6
Litsea_mysorensis,0.938,0.0,0.7,4.7,1.0,0.0,0.1,0.3,3.3,0.0,1.4,0.0,33.5,1.1,10.7,0.1,2.5,0.8,0.7,38.9,0.3
Litsea_oleoides,0.966,17.2,5.6,4.9,0.1,0.0,0.0,2.4,0.3,0.5,0.0,3.2,12.3,0.0,4.5,0.0,0.0,0.5,0.0,48.4,0.2
Litsea_stocksii,0.891,13.5,0.6,0.0,0.0,0.4,0.0,0.1,0.0,0.0,18.8,0.0,1.8,3.0,7.2,38.7,0.0,6.0,6.4,0.1,3.3
Litsea_travancorica,0.973,0.0,0.0,9.0,3.9,0.0,0.0,23.0,0.0,0.0,0.0,0.0,0.0,0.5,1.2,3.6,0.0,48.8,0.4,0.0,9.6
Litsea_wightiana,0.998,0.0,13.1,0.0,0.0,1.3,0.0,6.3,0.0,0.0,0.0,0.0,0.0,0.0,79.0,0.0,0.0,0.0,0.0,0.0,0.3
Lophopetalum_wightianum,0.804,0.0,0.0,18.5,0.6,0.0,0.5,0.0,0.0,0.0,0.0,1.4,27.2,9.9,0.0,3.1,0.0,0.1,3.1,8.4,27.2
Luvunga_sarmentosa,0.99,0.0,0.0,0.0,0.0,0.0,0.0,0.0,0.0,0.0,0.0,0.0,0.0,19.3,0.0,58.9,0.0,0.6,13.4,5.4,2.4
Macaranga_indica,0.978,0.0,0.0,0.0,33.4,34.6,0.0,15.7,0.0,0.0,0.0,0.0,0.0,0.0,1.7,0.0,0.0,0.0,0.0,4.9,9.7
Macaranga_peltata,0.807,0.0,0.3,6.4,0.2,0.0,5.6,5.6,0.1,0.4,0.0,0.0,46.9,0.2,5.3,2.5,0.0,0.1,12.6,1.8,12.0
Machilus_glaucescens,0.998,0.0,1.6,0.0,0.0,0.0,0.0,0.0,0.0,0.0,0.0,0.0,0.0,12.5,0.0,52.5,0.0,0.0,8.9,5.1,19.4
Madhuca_bourdillonii,0.721,0.0,12.3,0.0,0.0,0.0,0.0,21.4,0.0,0.0,0.0,16.9,0.0,0.0,0.0,0.0,0.0,0.0,0.0,0.0,49.4
Madhuca_neriifolia,0.931,0.0,0.0,0.0,21.7,0.0,0.0,0.0,0.0,0.0,0.0,0.0,10.0,54.4,8.4,0.0,0.0,0.0,0.0,0.0,5.7
Maesa_indica,0.375,0.0,0.0,0.0,0.0,0.0,0.8,0.0,0.0,0.0,0.0,0.0,0.5,96.4,0.0,0.0,0.0,0.0,0.0,0.0,2.3
Magnolia_nilagirica,0.839,0.0,0.0,0.0,0.9,0.0,0.0,0.0,99.1,0.0,0.0,0.0,0.0,0.0,0.0,0.0,0.0,0.0,0.0,0.0,0.0
Mallotus_nudiflorus,0.9,0.0,19.7,0.0,38.0,0.0,0.0,16.5,0.0,0.0,0.0,0.1,8.5,0.0,1.6,0.0,0.0,0.0,0.0,0.0,15.5
Mallotus_philippensis,0.84,0.5,1.0,6.2,0.2,1.5,1.6,0.0,0.3,0.0,0.0,0.1,47.7,0.1,2.4,6.6,2.9,0.0,4.4,6.3,18.2
Mallotus_resinosus,0.714,0.0,2.0,1.1,4.8,0.0,0.0,0.4,0.1,0.0,0.0,0.0,3.2,0.9,43.3,13.9,1.2,12.5,0.2,9.2,7.2
Mallotus_rhamnifolius,0.952,0.0,0.0,0.0,0.0,0.0,0.0,0.0,0.0,0.6,0.0,3.2,0.0,0.0,19.1,0.0,0.0,0.0,0.2,0.0,77.0
Mammea_suriga,0.817,0.0,0.0,0.0,0.0,0.0,0.0,0.0,0.0,0.0,0.0,1.7,0.0,0.0,0.0,94.9,0.0,0.0,3.4,0.0,0.0
Mangifera_indica,0.849,0.0,1.5,3.3,3.6,14.6,0.0,0.1,3.5,0.1,8.7,0.0,34.5,7.0,5.7,3.9,3.4,0.2,4.7,1.7,3.6
Mappia_nimmoniana,0.998,0.0,0.0,1.2,0.5,0.0,0.0,0.0,0.0,0.0,0.0,0.0,0.0,7.4,0.0,67.9,0.0,1.5,12.5,4.7,4.2
Margaritaria_indica,0.805,0.0,10.4,0.0,61.8,0.0,0.0,0.0,0.0,0.5,0.0,0.0,0.0,0.0,17.1,0.4,0.0,0.0,4.7,0.0,5.1
Mastixia_arborea,0.926,2.4,7.2,1.5,3.8,0.0,0.5,0.0,0.0,1.2,5.8,1.0,15.3,0.0,0.1,0.0,2.6,0.0,0.3,37.1,21.2
Maytenus_rothiana,0.414,0.0,0.0,0.0,0.0,0.5,0.0,0.0,0.0,0.2,3.4,0.0,0.0,0.3,0.0,67.4,0.4,0.0,3.4,11.0,13.5
Meiogyne_pannosa,0.947,3.8,5.1,3.7,0.3,0.8,0.5,0.0,0.8,1.9,7.4,5.3,30.0,0.1,2.4,0.4,0.3,1.9,4.5,23.6,7.2
Meiogyne_ramarowii,0.902,0.0,6.5,2.4,0.1,0.0,0.9,4.8,0.0,0.2,1.1,1.2,3.4,0.0,0.1,0.0,0.0,1.0,8.1,66.9,3.3
Melicope_lunu-ankenda,0.799,0.0,0.1,0.0,0.0,0.0,8.8,6.0,0.6,0.0,0.0,0.0,8.5,41.9,1.4,0.0,19.4,8.0,1.6,2.1,1.8
Meliosma_pinnata,0.851,5.7,0.0,2.1,3.8,27.5,0.0,60.8,0.0,0.0,0.0,0.0,0.0,0.0,0.0,0.0,0.0,0.0,0.0,0.0,0.1
Memecylon_gracile,0.946,0.0,19.2,0.0,0.0,5.4,0.0,56.7,0.0,0.7,0.0,0.0,0.9,0.0,0.0,0.3,0.1,0.0,3.9,12.8,0.0
Memecylon_heyneanum,0.931,0.0,3.7,0.0,27.2,0.1,0.0,43.3,0.0,0.0,1.6,0.0,0.0,0.1,0.0,0.5,0.0,1.3,2.7,0.8,18.7
Memecylon_malabaricum,0.882,0.0,1.5,0.0,15.5,4.8,0.6,0.0,0.0,0.0,0.0,0.0,36.8,0.0,40.6,0.0,0.0,0.2,0.0,0.0,0.0
Memecylon_pseudogracile,0.994,0.0,13.9,0.9,0.0,0.0,0.0,15.4,8.3,5.3,0.0,0.0,5.8,0.0,7.7,5.5,5.6,0.0,0.0,31.7,0.0
Memecylon_randerianum,0.949,0.0,24.5,0.0,0.0,0.0,0.0,55.7,0.0,0.0,0.0,0.0,0.0,0.0,6.9,0.0,0.0,0.0,0.0,0.5,12.4
Memecylon_subsessile,0.852,0.0,2.4,1.5,0.0,0.0,24.9,11.0,2.6,0.0,0.0,0.0,0.0,0.0,0.0,4.9,0.0,35.5,0.0,3.7,13.6
Memecylon_talbotianum,0.914,0.1,5.3,1.2,5.0,4.1,0.0,0.0,0.6,0.0,11.1,0.0,31.8,0.0,0.0,0.6,0.9,0.0,0.7,3.7,34.7
Memecylon_terminale,0.876,0.0,0.0,0.0,39.1,0.0,0.0,0.0,0.4,0.0,0.0,0.0,39.7,0.0,0.0,0.0,0.0,0.0,2.9,15.0,2.9
Memecylon_umbellatum,0.953,0.0,0.0,0.0,1.3,3.1,0.0,0.1,0.3,0.0,0.0,0.2,0.4,15.9,0.2,58.8,1.3,1.1,5.9,1.7,9.6
Memecylon_wightii,0.829,0.6,0.0,0.0,0.7,0.0,2.6,0.0,6.9,0.0,3.6,0.0,38.2,2.1,8.0,3.9,9.3,0.0,0.0,22.6,1.7
Mesua_ferrea,0.922,12.4,0.8,6.3,0.1,0.0,0.0,0.7,0.3,0.4,0.0,9.5,20.6,0.1,0.8,0.0,0.3,0.6,0.0,40.7,6.3
Meteoromyrtus_wynaadensis,0.984,0.0,23.5,1.7,3.8,0.0,0.0,30.3,5.2,0.0,0.0,0.0,0.0,0.0,0.0,0.0,0.0,0.0,0.0,28.6,6.9
Meyna_laxiflora,0.852,0.0,0.5,0.1,0.0,0.0,0.0,4.7,0.0,0.5,0.0,0.0,0.0,33.1,12.6,17.4,1.4,3.5,14.1,6.1,6.0
Microcos_paniculata,0.986,0.0,0.0,0.0,3.9,0.2,0.0,3.5,1.1,0.0,0.0,11.7,0.0,2.9,0.0,27.5,0.1,0.5,41.8,6.1,0.6
Microtropis_latifolia,0.89,0.0,4.4,1.8,0.0,0.0,0.0,11.5,13.6,1.2,17.2,1.7,10.3,0.0,1.3,0.1,0.0,3.3,0.0,32.1,1.4
Miliusa_gokhalaei,0.915,0.0,0.0,8.5,5.3,0.0,0.0,44.1,18.3,0.0,0.0,0.0,0.0,0.0,2.9,0.0,0.0,14.8,0.0,0.1,6.0
Miliusa_nilagirica,0.963,0.4,21.1,0.3,0.1,0.0,0.0,9.3,9.3,4.0,0.0,0.0,4.5,0.0,9.3,3.1,6.1,0.0,0.3,32.4,0.0
Mimusops_elengi,0.843,0.0,5.2,0.6,0.2,1.0,8.6,0.8,0.0,0.4,0.0,1.7,4.2,25.6,4.6,16.1,3.2,1.1,16.8,1.4,8.5
Mitragyna_parvifolia,0.651,0.0,0.0,0.0,0.0,0.0,0.0,0.0,0.0,0.0,0.0,0.0,0.0,60.7,0.0,0.0,0.0,0.0,0.0,0.0,39.3
Mitragyna_tubulosa,0.862,0.0,0.1,7.9,0.0,0.0,0.0,51.5,0.0,0.2,0.0,0.0,0.0,1.1,0.0,0.9,0.4,0.0,0.0,0.0,37.9
Mitrephora_grandiflora,0.928,0.0,0.0,4.5,6.1,0.0,3.9,24.3,0.0,0.0,0.0,0.0,0.0,0.0,46.5,1.4,0.0,3.4,0.0,10.0,0.0
Moullava_spicata,0.955,0.0,0.0,0.0,0.1,0.0,0.0,0.0,0.0,0.0,0.0,0.1,0.0,0.0,0.1,83.7,0.0,2.7,7.7,5.7,0.0
Murraya_koenigii,0.902,0.0,1.1,0.9,0.0,0.0,0.0,0.0,0.0,0.0,0.0,0.0,0.0,0.0,42.6,9.6,0.0,0.0,1.6,18.7,25.5
Murraya_paniculata,0.754,0.0,0.7,0.0,0.0,0.0,0.0,0.0,0.0,0.0,0.0,0.0,0.3,0.0,59.8,0.0,0.0,25.8,0.0,1.5,12.0
Myristica_beddomei,0.99,0.0,0.0,0.0,0.0,3.2,0.0,0.2,0.0,0.6,0.0,0.3,0.0,0.0,0.0,73.0,0.0,0.0,19.0,3.1,0.7
Myristica_dactyloides,0.898,0.0,3.8,9.6,0.0,0.0,0.7,0.0,0.2,2.0,6.7,2.3,26.5,0.2,3.0,0.0,0.1,0.7,0.1,36.1,7.8
Myristica_malabarica,0.837,0.6,2.0,30.0,1.1,0.0,0.0,7.2,0.0,0.0,0.0,1.3,33.5,0.0,3.9,0.1,0.0,0.2,1.9,5.5,12.7
Neolitsea_fischeri,0.946,0.0,0.0,0.0,5.1,3.0,0.0,0.2,0.0,0.0,2.7,0.0,0.0,0.2,82.9,5.8,0.0,0.0,0.0,0.0,0.0
Neolitsea_scrobiculata,0.938,0.0,3.1,0.0,58.2,0.0,0.0,0.0,0.0,0.0,0.0,0.0,1.6,0.0,0.0,1.0,0.0,0.0,1.0,0.0,35.0
Neolitsea_zeylanica,0.883,0.0,0.0,0.0,0.0,0.4,0.0,0.0,0.0,0.0,0.0,0.0,0.0,87.1,0.1,6.8,0.0,0.0,4.3,0.8,0.4
Nothapodytes_nimmoniana,0.861,0.0,0.8,0.1,19.2,0.0,0.1,0.9,0.0,0.0,0.0,5.5,17.7,12.8,0.0,13.8,0.5,2.5,1.9,1.3,22.8
Nothopegia_aureofulva,0.974,0.0,1.0,1.4,0.0,0.0,0.0,15.3,0.0,0.0,0.0,0.0,0.0,0.1,59.4,6.8,0.0,0.0,4.4,0.0,11.5
Nothopegia_beddomei,0.923,2.8,2.3,10.6,1.7,0.0,6.8,4.1,1.0,0.2,8.4,0.0,11.4,1.2,3.6,2.4,12.5,0.4,0.2,21.8,8.8
Nothopegia_castaneifolia,0.951,0.0,0.2,0.0,0.0,0.0,0.0,0.9,2.2,0.0,0.0,0.0,0.0,10.0,0.0,69.8,0.0,0.0,7.4,2.5,7.0
Nothopegia_racemosa,0.905,0.0,0.0,6.4,3.6,12.0,0.0,0.0,2.5,0.0,0.0,0.7,33.1,10.2,5.6,9.6,0.2,0.0,4.4,3.6,7.9
Nothopegia_travancorica,0.971,0.0,11.7,4.8,0.0,0.0,0.0,0.0,0.0,0.0,2.4,1.0,2.3,0.0,1.6,0.5,0.0,1.1,12.9,57.9,3.6
Ocotea_lancifolia,0.97,5.0,9.0,2.1,3.4,0.3,0.0,5.6,0.0,0.4,5.4,1.4,14.7,0.0,9.9,0.6,0.1,18.4,0.2,23.6,0.1
Octotropis_travancorica,0.998,0.0,0.1,0.0,0.2,0.0,0.0,1.0,0.0,0.0,0.0,0.0,0.0,0.0,87.1,11.6,0.0,0.0,0.0,0.0,0.0
Olea_dioica,0.854,0.0,0.7,4.3,0.8,5.4,0.7,0.1,0.0,0.0,0.0,0.1,36.9,15.0,9.3,1.2,6.3,0.2,7.9,5.2,6.0
Oreocnide_integrifolia,0.867,5.6,1.7,4.3,5.9,41.1,0.1,34.2,0.9,0.0,0.0,0.5,0.0,0.0,0.0,0.0,0.0,1.3,3.9,0.2,0.4
Ormosia_travancorica,0.945,0.0,4.1,0.0,0.0,8.9,0.0,77.0,0.0,0.0,0.0,0.0,0.0,0.0,1.8,0.0,0.3,0.0,0.3,2.9,4.7
Orophea_erythrocarpa,0.81,0.3,4.6,0.0,0.0,0.5,0.0,44.2,0.0,0.0,0.0,0.0,0.6,0.0,0.0,0.0,0.3,0.0,0.0,0.0,49.5
Orophea_sivarajanii,0.978,0.0,6.4,0.0,0.3,0.4,0.0,29.8,9.5,0.0,0.0,0.0,0.0,0.0,10.8,0.4,0.0,0.1,0.6,34.5,7.2
Orophea_thomsonii,0.836,0.2,4.3,0.5,0.5,0.0,1.5,32.2,3.0,0.2,0.0,0.0,0.0,3.4,0.0,5.9,0.0,8.0,0.0,8.7,31.6
Orophea_zeylanica,0.83,7.8,0.0,0.0,0.0,0.0,0.0,0.0,0.0,0.0,0.0,10.1,0.0,30.7,2.1,48.6,0.7,0.0,0.0,0.0,0.0
Otonephelium_stipulaceum,0.955,0.0,3.2,3.7,0.0,0.1,2.9,0.2,0.0,2.1,0.0,3.1,3.4,1.5,0.3,0.3,5.9,8.6,8.4,46.2,10.2
Oxyceros_rugulosus,0.996,0.0,0.0,0.0,0.0,0.0,0.0,0.0,0.0,0.0,0.0,0.0,0.0,0.0,0.7,89.6,0.0,1.8,1.5,6.5,0.0
Pajanelia_longifolia,0.931,0.0,5.0,0.0,0.1,0.0,0.0,9.4,0.0,0.0,0.0,0.0,2.7,24.9,5.6,0.0,0.0,0.0,0.0,16.8,35.6
Palaquium_bourdillonii,0.999,0.0,12.0,0.0,0.0,0.0,0.0,0.0,2.4,0.0,0.0,0.0,0.0,0.1,80.5,3.3,0.6,0.0,1.1,0.0,0.0
Palaquium_ellipticum,0.926,2.5,2.4,8.0,0.1,0.0,0.0,0.6,0.6,2.3,11.4,3.7,15.5,0.6,4.4,0.1,0.0,0.9,0.1,45.2,1.4
Pandanus_furcatus,0.94,1.8,3.3,0.6,0.2,0.0,0.0,47.6,0.0,0.0,6.1,0.0,9.1,0.4,0.3,0.0,6.2,0.5,0.3,3.3,20.3
Paracroton_pendulus_subsp._zeylanicus,0.963,7.4,1.1,6.8,0.0,0.0,0.7,1.7,0.7,2.6,0.1,4.7,12.4,0.0,3.4,0.9,0.0,1.1,0.6,48.4,7.4
Paramignya_monophylla,0.939,0.0,0.0,0.2,0.5,0.0,0.0,0.0,0.0,0.0,0.0,6.4,2.6,1.0,0.4,69.0,0.0,0.0,3.3,16.5,0.0
Pavetta_sp,0.925,0.0,0.0,0.0,0.0,7.3,0.0,0.0,0.0,0.0,81.0,0.0,11.7,0.0,0.0,0.0,0.0,0.0,0.0,0.0,0.0
Persea_macrantha,0.922,0.0,4.3,10.3,0.0,3.3,3.2,6.6,1.5,1.2,8.9,0.0,30.6,1.2,1.2,0.2,1.9,0.0,1.6,3.4,20.5
Pinanga_dicksonii,0.949,0.3,7.6,0.0,8.0,0.0,0.0,18.4,1.2,0.0,0.0,0.0,9.2,7.3,0.0,0.0,15.4,0.0,1.9,25.8,4.9
Poeciloneuron_indicum,0.956,3.4,0.0,0.4,2.1,0.0,0.8,3.3,0.0,0.0,0.0,0.3,22.0,6.4,0.8,0.0,0.0,0.0,2.0,50.2,8.3
Polyalthia_coffeoides,0.978,2.8,3.6,0.5,0.0,0.0,0.0,0.1,0.0,3.2,0.0,0.0,10.9,1.0,0.0,0.2,7.2,24.0,0.0,38.4,8.0
Polyalthia_fragrans,0.939,0.0,0.6,23.2,0.1,0.0,1.2,1.7,0.0,0.0,0.4,0.6,9.6,0.0,4.0,0.3,0.1,0.0,0.0,4.9,53.2
Polyalthia_malabarica,0.938,0.0,4.0,3.2,0.0,0.0,4.3,61.6,0.0,0.0,0.0,0.0,0.0,0.0,2.0,0.0,0.0,20.6,0.0,0.0,4.3
Prismatomeris_tetrandra,0.894,0.0,0.4,0.0,0.0,0.0,0.0,57.2,0.2,0.0,0.0,0.0,0.0,0.4,0.0,0.2,0.0,0.0,0.0,0.0,41.6
Prunus_ceylanica,0.822,0.0,2.8,2.5,6.6,0.0,2.0,25.4,1.9,0.0,0.0,0.2,19.0,0.0,23.7,0.9,0.0,1.5,0.1,9.9,3.6
Psychotria_anamallayana,0.96,0.0,11.1,0.0,3.2,4.1,0.0,24.3,0.0,0.0,0.0,0.0,0.0,0.0,54.6,0.0,0.0,0.0,0.1,2.3,0.3
Psychotria_dalzellii,0.973,0.0,11.7,0.0,6.1,0.0,0.0,0.0,1.6,0.3,0.0,0.9,5.4,7.5,5.1,0.0,20.9,5.0,12.6,0.6,22.2
Psychotria_flavida,0.956,0.0,0.0,0.0,27.5,0.0,0.0,1.8,0.0,0.0,0.0,15.0,7.4,0.0,0.0,0.0,0.0,0.0,0.0,0.0,48.3
Psychotria_nigra,0.902,0.0,0.9,20.9,0.0,0.0,3.0,0.0,0.7,0.2,12.4,0.8,29.1,2.0,0.0,1.0,0.2,0.0,0.0,21.1,7.6
Psychotria_truncata,0.981,3.3,4.3,0.0,2.0,0.0,0.0,0.0,0.3,1.3,0.0,0.0,0.3,0.0,0.1,0.0,2.8,0.0,0.8,84.7,0.1
Psydrax_dicoccos,0.901,0.0,0.0,5.9,7.2,0.0,1.0,0.0,4.6,0.0,11.2,0.0,22.7,19.1,2.4,9.4,0.1,0.1,4.5,2.2,9.5
Pterospermum_diversifolium,0.767,0.0,0.7,0.0,3.8,0.0,4.4,0.0,0.0,0.8,0.0,13.7,34.9,14.6,0.0,0.0,5.7,0.0,1.6,0.0,19.8
Pterospermum_reticulatum,0.909,0.0,1.0,5.9,0.1,0.0,0.0,11.0,0.3,0.3,0.0,0.0,1.2,0.0,33.6,6.2,0.0,0.7,2.8,8.0,29.0
Pterospermum_rubiginosum,0.944,0.0,8.0,0.0,0.0,0.0,0.4,20.9,0.0,0.0,0.0,0.0,0.0,0.0,0.0,0.0,0.0,0.0,0.5,41.0,29.3
Pterygota_alata,0.942,0.0,3.5,1.6,0.0,0.0,16.9,45.7,0.0,0.0,0.0,1.4,0.0,0.0,0.0,0.7,0.2,1.2,0.8,0.0,28.1
Rapanea_wightiana,0.921,0.0,0.0,0.0,18.2,0.0,0.0,0.0,10.0,0.0,0.0,0.0,53.8,0.0,0.0,0.0,0.0,0.0,0.0,14.5,3.6
Reinwardtiodendron_anamalaiense,0.941,0.0,3.3,6.7,1.6,0.0,3.3,0.0,0.4,1.1,0.0,3.2,20.0,0.0,4.5,0.0,0.1,0.8,2.6,33.0,19.4
Rourea_minor,0.983,0.0,0.0,0.2,0.0,0.0,0.0,0.0,0.0,0.0,0.0,0.0,0.0,0.0,1.6,80.0,0.4,0.0,0.0,11.4,6.4
Sageraea_laurina,0.924,0.0,0.0,1.3,10.0,0.9,0.0,0.0,0.0,0.0,0.0,3.1,0.0,18.1,0.0,47.2,0.0,0.0,6.9,0.7,11.9
Sageraea_thwaitesii,0.948,0.4,2.6,6.0,2.8,0.0,10.8,18.8,0.0,0.9,0.0,0.0,0.0,3.9,0.0,3.7,0.0,26.5,0.1,0.0,23.4
Saprosma_corymbosum,1.0,0.0,3.9,0.0,0.0,0.0,0.0,0.0,0.0,0.0,0.0,0.0,0.0,0.0,85.4,10.6,0.0,0.0,0.0,0.0,0.0
Saprosma_glomerata,0.969,0.6,21.4,0.0,0.0,8.4,0.7,24.4,12.9,0.0,0.0,0.0,0.0,0.0,0.7,3.2,0.0,0.5,0.5,26.6,0.2
Saraca_asoca,0.782,0.0,0.0,0.0,1.7,0.0,0.0,0.4,0.0,0.0,0.0,12.6,0.0,10.5,0.9,17.6,0.0,0.0,19.4,8.5,28.4
Schefflera_micrantha,0.971,0.0,0.0,0.0,0.0,0.0,0.0,55.3,34.2,0.0,0.0,0.0,0.0,0.0,0.0,0.0,0.0,0.9,0.0,9.6,0.0
Scolopia_crenata,0.919,2.2,1.7,6.3,2.1,0.0,0.4,18.8,7.3,0.0,7.1,0.0,11.3,3.7,15.2,0.6,0.0,1.3,0.0,12.1,9.7
Scutia_myrtina,0.992,0.0,0.1,0.0,0.0,0.0,0.0,1.1,0.0,0.0,0.0,0.0,0.0,0.0,0.1,89.8,0.0,2.5,6.3,0.0,0.0
Semecarpus_auriculata,0.945,0.0,16.5,0.0,4.2,0.0,0.0,50.7,0.0,0.0,0.0,0.0,0.0,0.0,0.0,0.0,0.0,22.1,0.3,0.0,6.1
Semecarpus_travancorica,0.949,0.0,0.0,0.0,9.6,0.0,0.0,59.1,0.0,0.0,0.0,0.0,0.0,2.9,5.2,0.0,0.0,23.0,0.0,0.0,0.1
Smythea_bombaiensis,0.966,0.0,0.0,0.0,0.7,0.0,0.0,0.0,0.0,0.0,0.0,0.0,0.0,7.0,0.0,47.4,0.0,0.0,35.6,5.1,4.1
Spondias_pinnata,0.205,0.0,0.0,0.0,0.0,0.0,0.0,0.0,0.0,3.2,0.0,0.0,0.0,0.0,5.2,61.7,0.0,6.5,0.7,22.7,0.0
Sterculia_guttata,0.716,0.0,1.2,0.0,0.0,0.0,6.8,4.0,0.3,0.0,0.0,0.0,53.4,0.0,0.0,9.6,1.0,7.4,10.4,1.6,4.4
Stereospermum_tetragonum,0.864,0.0,0.2,28.7,0.0,0.3,0.4,0.7,1.5,0.9,0.0,0.9,17.6,0.0,31.5,1.5,0.0,0.5,14.3,0.6,0.3
Strombosia_ceylanica,0.886,0.0,9.8,13.1,3.2,0.0,1.5,47.0,0.0,0.0,0.6,0.0,9.1,0.0,0.7,0.5,0.0,0.0,1.7,0.5,12.4
Symplocos_cochinchinensis,0.201,0.0,20.6,0.0,5.1,0.0,0.0,0.0,7.9,0.0,0.0,0.0,41.1,6.0,7.4,0.0,0.0,0.0,0.0,0.0,12.0
Symplocos_macrophylla,0.994,1.1,0.1,0.4,1.8,0.7,0.2,0.0,7.0,0.0,0.0,0.3,20.6,9.2,0.1,37.8,1.0,9.0,9.4,0.9,0.7
Symplocos_racemosa,0.926,0.0,0.3,3.2,0.8,0.0,0.2,2.4,18.7,0.0,0.0,0.2,0.6,51.6,0.0,0.8,1.8,0.5,0.2,5.1,13.5
Symplocos_rosea,0.89,0.0,4.7,5.2,3.8,0.0,1.1,21.5,0.0,0.0,0.0,0.0,0.0,0.0,0.6,0.2,0.0,31.3,0.0,0.0,31.7
Syzygium_benthamianum,0.995,0.0,1.7,0.4,0.0,1.7,0.0,2.5,0.0,0.0,0.0,0.0,0.0,0.0,54.9,3.7,0.0,35.2,0.0,0.0,0.0
Syzygium_caryophyllatum,0.876,0.0,0.0,2.4,2.1,0.0,0.0,0.0,0.0,0.0,0.0,2.8,5.8,20.2,1.5,12.1,4.5,0.0,14.3,11.1,23.3
